       99.8236640436
       62.1583078694
       36.9055650364
       25.5954505298
       19.4796302877
       15.6925378183
       13.1277032149
       11.2791736072
        9.8850419758
        8.7967361105
        7.9238941937
        7.2084732299
        6.6115170327
        6.1059208681
        5.6722501591
        5.2962102869
        4.9670547653
        4.6765498539
        4.4182813970
        4.1871789251
        3.9791815785
        3.7909989107
        3.6199365780
        3.4637672774
        3.3206338084
        3.1889753034
        3.0674704194
        2.9549931097
        2.8505778424
        2.7533919948
        2.6627137526
        2.5779142765
        2.4984432041
        2.4238167821
        2.3536080879
        2.2874389252
        2.2249730665
        2.1659105905
        2.1099831116
        2.0569497424
        2.0065936605
        1.9587191776
        1.9131492263
        1.8697231973
        1.8282950710
        1.7887317982
        1.7509118915
        1.7147241965
        1.6800668165
        1.6468461683
        1.6149761519
        1.5843774173
        1.5549767159
        1.5267063251
        1.4995035376
        1.4733102051
        1.4480723320
        1.4237397109
        1.4002655969
        1.3776064135
        1.3557214895
        1.3345728204
        1.3141248540
        1.2943442953
        1.2751999308
        1.2566624680
        1.2387043902
        1.2212998242
        1.2044244190
        1.1880552361
        1.1721706484
        1.1567502478
        1.1417747607
        1.1272259705
        1.1130866458
        1.0993404752
        1.0859720066
        1.0729665912
        1.0603103326
        1.0479900386
        1.0359931775
        1.0243078375
        1.0129226885
        1.0018269475
        0.9910103459
        0.9804630991
        0.9701758785
        0.9601397855
        0.9503463267
        0.9407873914
        0.9314552304
        0.9223424360
        0.9134419236
        0.9047469140
        0.8962509176
        0.8879477191
        0.8798313629
        0.8718961401
        0.8641365757
        0.8565474169
        0.8491236220
        0.8418603497
        0.8347529500
        0.8277969540
        0.8209880658
        0.8143221542
        0.8077952448
        0.8014035128
        0.7951432760
        0.7890109883
        0.7830032336
        0.7771167199
        0.7713482736
        0.7656948346
        0.7601534512
        0.7547212753
        0.7493955579
        0.7441736453
        0.7390529744
        0.7340310695
        0.7291055385
        0.7242740692
        0.7195344264
        0.7148844486
        0.7103220450
        0.7058451927
        0.7014519343
        0.6971403748
        0.6929086797
        0.6887550724
        0.6846778320
        0.6806752911
        0.6767458342
        0.6728878952
        0.6690999560
        0.6653805444
        0.6617282328
        0.6581416363
        0.6546194112
        0.6511602537
        0.6477628982
        0.6444261165
        0.6411487156
        0.6379295375
        0.6347674572
        0.6316613821
        0.6286102507
        0.6256130313
        0.6226687216
        0.6197763471
        0.6169349608
        0.6141436418
        0.6114014946
        0.6087076484
        0.6060612564
        0.6034614946
        0.6009075617
        0.5983986779
        0.5959340843
        0.5935130427
        0.5911348343
        0.5887987597
        0.5865041379
        0.5842503061
        0.5820366190
        0.5798624480
        0.5777271815
        0.5756302234
        0.5735709935
        0.5715489266
        0.5695634722
        0.5676140942
        0.5657002702
        0.5638214916
        0.5619772627
        0.5601671006
        0.5583905350
        0.5566471076
        0.5549363721
        0.5532578934
        0.5516112478
        0.5499960226
        0.5484118154
        0.5468582346
        0.5453348984
        0.5438414350
        0.5423774823
        0.5409426873
        0.5395367065
        0.5381592052
        0.5368098576
        0.5354883461
        0.5341943618
        0.5329276038
        0.5316877792
        0.5304746029
        0.5292877975
        0.5281270929
        0.5269922266
        0.5258829428
        0.5247989933
        0.5237401362
        0.5227061366
        0.5216967663
        0.5207118034
        0.5197510322
        0.5188142436
        0.5179012342
        0.5170118069
        0.5161457704
        0.5153029391
        0.5144831330
        0.5136861780
        0.5129119052
        0.5121601512
        0.5114307579
        0.5107235725
        0.5100384471
        0.5093752393
        0.5087338113
        0.5081140303
        0.5075157686
        0.5069389031
        0.5063833154
        0.5058488918
        0.5053355233
        0.5048431053
        0.5043715379
        0.5039207255
        0.5034905769
        0.5030810054
        0.5026919284
        0.5023232678
        0.5019749497
        0.5016469042
        0.5013390657
        0.5010513729
        0.5007837683
        0.5005361986
        0.5003086147
        0.5001009713
        0.4999132272
        0.4997453452
        0.4995972921
        0.4994690385
        0.4993605591
        0.4992718324
        0.4992028409
        0.4991535710
        0.4991240130
        0.4991141609
        0.0000000000
        0.0000000000
        0.0000000000
        0.0000000000
        0.0000000000
        0.0000000000
        0.0000000000
        0.0000000000
        0.0000000000
        0.0000000000
        0.0000000000
        0.0000000000
        0.0000000000
        0.0000000000
        0.0000000000
        0.0000000000
        0.0000000000
        0.0000000000
        0.0000000000
        0.0000000000
        0.0000000000
        0.0000000000
        0.0000000000
        0.0000000000
        0.0000000000
        0.0000000000
        0.0000000000
        0.0000000000
        0.0000000000
        0.0000000000
        0.0000000000
        0.0000000000
        0.0000000000
        0.0000000000
        0.0000000000
        0.0000000000
        0.0000000000
        0.0000000000
        0.0000000000
        0.0000000000
        0.0000000000
        0.0000000000
        0.0000000000
        0.0000000000
        0.0000000000
        0.0000000000
        0.0000000000
        0.0000000000
        0.0000000000
        0.0000000000
        0.0000000000
        0.0000000000
        0.0000000000
        0.0000000000
        0.0000000000
        0.0000000000
        0.0000000000
        0.0000000000
        0.0000000000
        0.0000000000
        0.0000000000
        0.0000000000
        0.0000000000
        0.0000000000
        0.0000000000
        0.0000000000
        0.0000000000
        0.0000000000
        0.0000000000
        0.0000000000
        0.0000000000
        0.0000000000
        0.0000000000
        0.0000000000
        0.0000000000
        0.0000000000
        0.0000000000
        0.0000000000
        0.0000000000
        0.0000000000
        0.0000000000
        0.0000000000
        0.0000000000
        0.0000000000
        0.0000000000
        0.0000000000
        0.0000000000
        0.0000000000
        0.0000000000
        0.0000000000
        0.0000000000
        0.0000000000
        0.0000000000
        0.0000000000
        0.0000000000
        0.0000000000
        0.0000000000
        0.0000000000
        0.0000000000
        0.0000000000
        0.0000000000
        0.0000000000
        0.0000000000
        0.0000000000
        0.0000000000
        0.0000000000
        0.0000000000
        0.0000000000
        0.0000000000
        0.0000000000
        0.0000000000
        0.0000000000
        0.0000000000
        0.0000000000
        0.0000000000
        0.0000000000
        0.0000000000
        0.0000000000
        0.0000000000
        0.0000000000
        0.0000000000
        0.0000000000
        0.0000000000
        0.0000000000
        0.0000000000
        0.0000000000
        0.0000000000
        0.0000000000
        0.0000000000
        0.0000000000
        0.0000000000
        0.0000000000
        0.0000000000
        0.0000000000
        0.0000000000
        0.0000000000
        0.0000000000
        0.0000000000
        0.0000000000
        0.0000000000
        0.0000000000
        0.0000000000
        0.0000000000
        0.0000000000
        0.0000000000
        0.0000000000
        0.0000000000
        0.0000000000
        0.0000000000
        0.0000000000
        0.0000000000
        0.0000000000
        0.0000000000
        0.0000000000
        0.0000000000
        0.0000000000
        0.0000000000
        0.0000000000
        0.0000000000
        0.0000000000
        0.0000000000
        0.0000000000
        0.0000000000
        0.0000000000
        0.0000000000
        0.0000000000
        0.0000000000
        0.0000000000
        0.0000000000
        0.0000000000
        0.0000000000
        0.0000000000
        0.0000000000
        0.0000000000
        0.0000000000
        0.0000000000
        0.0000000000
        0.0000000000
        0.0000000000
        0.0000000000
        0.0000000000
        0.0000000000
        0.0000000000
        0.0000000000
        0.0000000000
        0.0000000000
        0.0000000000
        0.0000000000
        0.0000000000
        0.0000000000
        0.0000000000
        0.0000000000
        0.0000000000
        0.0000000000
        0.0000000000
        0.0000000000
        0.0000000000
        0.0000000000
        0.0000000000
        0.0000000000
        0.0000000000
        0.0000000000
        0.0000000000
        0.0000000000
        0.0000000000
        0.0000000000
        0.0000000000
        0.0000000000
        0.0000000000
        0.0000000000
        0.0000000000
        0.0000000000
        0.0000000000
        0.0000000000
        0.0000000000
        0.0000000000
        0.0000000000
        0.0000000000
        0.0000000000
        0.0000000000
        0.0000000000
        0.0000000000
        0.0000000000
        0.0000000000
        0.0000000000
        0.0000000000
        0.0000000000
        0.0000000000
        0.0000000000
        0.0000000000
        0.0000000000
        0.0000000000
        0.0000000000
        0.0000000000
        0.0000000000
        0.0000000000
        0.0000000000
        0.0000000000
        0.0000000000
        0.0000000000
        0.0000000000
        0.0000000000
        0.0000000000
        0.0000000000
        0.0000000000
        0.0000000000
        0.0000000000
        0.0000000000
        0.0000000000
