        0.0000000000
      -51.1287099393
      -67.5842123283
      -74.0657446921
      -77.3106701273
      -79.1599347670
      -80.2885999276
      -80.9985351900
      -81.4441665094
      -81.7124780268
      -81.8561317662
      -81.9088483833
      -81.8932088371
      -81.8248980838
      -81.7151481399
      -81.5722121868
      -81.4022899145
      -81.2101283451
      -80.9994234989
      -80.7730958451
      -80.5334834816
      -80.2824803395
      -80.0216368296
      -79.7522343191
      -79.4753410438
      -79.1918546380
      -78.9025348741
      -78.6080291436
      -78.3088924892
      -78.0056035007
      -77.6985770377
      -77.3881744937
      -77.0747121391
      -76.7584679492
      -76.4396872293
      -76.1185872766
      -75.7953612662
      -75.4701815076
      -75.1432021873
      -74.8145616907
      -74.4843845750
      -74.1527832549
      -73.8198594464
      -73.4857054101
      -73.1504050252
      -72.8140347200
      -72.4766642811
      -72.1383575598
      -71.7991730898
      -71.4591646296
      -71.1183816399
      -70.7768697045
      -70.4346709031
      -70.0918241414
      -69.7483654455
      -69.4043282229
      -69.0597434964
      -68.7146401136
      -68.3690449336
      -68.0229829964
      -67.6764776735
      -67.3295508052
      -66.9822228240
      -66.6345128659
      -66.2864388723
      -65.9380176813
      -65.5892651116
      -65.2401960382
      -64.8908244624
      -64.5411635743
      -64.1912258115
      -63.8410229116
      -63.4905659608
      -63.1398654387
      -62.7889312595
      -62.4377728090
      -62.0863989801
      -61.7348182042
      -61.3830384814
      -61.0310674071
      -60.6789121979
      -60.3265797146
      -59.9740764842
      -59.6214087196
      -59.2685823388
      -58.9156029817
      -58.5624760269
      -58.2092066060
      -57.8557996184
      -57.5022597436
      -57.1485914542
      -56.7947990264
      -56.4408865514
      -56.0868579452
      -55.7327169575
      -55.3784671810
      -55.0241120592
      -54.6696548944
      -54.3150988546
      -53.9604469805
      -53.6057021919
      -53.2508672934
      -52.8959449804
      -52.5409378443
      -52.1858483773
      -51.8306789775
      -51.4754319530
      -51.1201095261
      -50.7647138378
      -50.4092469510
      -50.0537108540
      -49.6981074644
      -49.3424386318
      -48.9867061409
      -48.6309117147
      -48.2750570165
      -47.9191436532
      -47.5631731772
      -47.2071470891
      -46.8510668396
      -46.4949338317
      -46.1387494226
      -45.7825149257
      -45.4262316125
      -45.0699007138
      -44.7135234219
      -44.3571008919
      -44.0006342431
      -43.6441245604
      -43.2875728960
      -42.9309802701
      -42.5743476726
      -42.2176760638
      -41.8609663763
      -41.5042195149
      -41.1474363589
      -40.7906177618
      -40.4337645534
      -40.0768775398
      -39.7199575047
      -39.3630052102
      -39.0060213972
      -38.6490067868
      -38.2919620802
      -37.9348879603
      -37.5777850915
      -37.2206541209
      -36.8634956786
      -36.5063103786
      -36.1490988189
      -35.7918615824
      -35.4345992372
      -35.0773123375
      -34.7200014233
      -34.3626670218
      -34.0053096469
      -33.6479298003
      -33.2905279719
      -32.9331046395
      -32.5756602701
      -32.2181953195
      -31.8607102331
      -31.5032054461
      -31.1456813838
      -30.7881384620
      -30.4305770871
      -30.0729976566
      -29.7154005592
      -29.3577861755
      -29.0001548776
      -28.6425070297
      -28.2848429886
      -27.9271631034
      -27.5694677162
      -27.2117571618
      -26.8540317687
      -26.4962918583
      -26.1385377461
      -25.7807697411
      -25.4229881464
      -25.0651932594
      -24.7073853717
      -24.3495647695
      -23.9917317337
      -23.6338865401
      -23.2760294594
      -22.9181607574
      -22.5602806955
      -22.2023895302
      -21.8444875138
      -21.4865748941
      -21.1286519150
      -20.7707188161
      -20.4127758333
      -20.0548231984
      -19.6968611399
      -19.3388898824
      -18.9809096472
      -18.6229206522
      -18.2649231120
      -17.9069172380
      -17.5489032387
      -17.1908813194
      -16.8328516828
      -16.4748145285
      -16.1167700536
      -15.7587184525
      -15.4006599171
      -15.0425946368
      -14.6845227988
      -14.3264445877
      -13.9683601861
      -13.6102697743
      -13.2521735308
      -12.8940716318
      -12.5359642516
      -12.1778515628
      -11.8197337360
      -11.4616109403
      -11.1034833429
      -10.7453511096
      -10.3872144043
      -10.0290733898
       -9.6709282272
       -9.3127790765
       -8.9546260961
       -8.5964694432
       -8.2383092741
       -7.8801457434
       -7.5219790051
       -7.1638092120
       -6.8056365158
       -6.4474610673
       -6.0892830165
       -5.7311025126
       -5.3729197038
       -5.0147347378
       -4.6565477614
       -4.2983589208
       -3.9401683619
       -3.5819762296
       -3.2237826686
       -2.8655878230
       -2.5073918366
       -2.1491948529
       -1.7909970147
       -1.4327984650
       -1.0745993464
       -0.7163998012
       -0.3581999716
        0.0000000000
                 NaN
                 NaN
                 NaN
                 NaN
                 NaN
                 NaN
                 NaN
                 NaN
                 NaN
                 NaN
                 NaN
                 NaN
                 NaN
                 NaN
                 NaN
                 NaN
                 NaN
                 NaN
                 NaN
                 NaN
                 NaN
                 NaN
                 NaN
                 NaN
                 NaN
                 NaN
                 NaN
                 NaN
                 NaN
                 NaN
                 NaN
                 NaN
                 NaN
                 NaN
                 NaN
                 NaN
                 NaN
                 NaN
                 NaN
                 NaN
                 NaN
                 NaN
                 NaN
                 NaN
                 NaN
                 NaN
                 NaN
                 NaN
                 NaN
                 NaN
                 NaN
                 NaN
                 NaN
                 NaN
                 NaN
                 NaN
                 NaN
                 NaN
                 NaN
                 NaN
                 NaN
                 NaN
                 NaN
                 NaN
                 NaN
                 NaN
                 NaN
                 NaN
                 NaN
                 NaN
                 NaN
                 NaN
                 NaN
                 NaN
                 NaN
                 NaN
                 NaN
                 NaN
                 NaN
                 NaN
                 NaN
                 NaN
                 NaN
                 NaN
                 NaN
                 NaN
                 NaN
                 NaN
                 NaN
                 NaN
                 NaN
                 NaN
                 NaN
                 NaN
                 NaN
                 NaN
                 NaN
                 NaN
                 NaN
                 NaN
                 NaN
                 NaN
                 NaN
                 NaN
                 NaN
                 NaN
                 NaN
                 NaN
                 NaN
                 NaN
                 NaN
                 NaN
                 NaN
                 NaN
                 NaN
                 NaN
                 NaN
                 NaN
                 NaN
                 NaN
                 NaN
                 NaN
                 NaN
                 NaN
                 NaN
                 NaN
                 NaN
                 NaN
                 NaN
                 NaN
                 NaN
                 NaN
                 NaN
                 NaN
                 NaN
                 NaN
                 NaN
                 NaN
                 NaN
                 NaN
                 NaN
                 NaN
                 NaN
                 NaN
                 NaN
                 NaN
                 NaN
                 NaN
                 NaN
                 NaN
                 NaN
                 NaN
                 NaN
                 NaN
                 NaN
                 NaN
                 NaN
                 NaN
                 NaN
                 NaN
                 NaN
                 NaN
                 NaN
                 NaN
                 NaN
                 NaN
                 NaN
                 NaN
                 NaN
                 NaN
                 NaN
                 NaN
                 NaN
                 NaN
                 NaN
                 NaN
                 NaN
                 NaN
                 NaN
                 NaN
                 NaN
                 NaN
                 NaN
                 NaN
                 NaN
                 NaN
                 NaN
                 NaN
                 NaN
                 NaN
                 NaN
                 NaN
                 NaN
                 NaN
                 NaN
                 NaN
                 NaN
                 NaN
                 NaN
                 NaN
                 NaN
                 NaN
                 NaN
                 NaN
                 NaN
                 NaN
                 NaN
                 NaN
                 NaN
                 NaN
                 NaN
                 NaN
                 NaN
                 NaN
                 NaN
                 NaN
                 NaN
                 NaN
                 NaN
                 NaN
                 NaN
                 NaN
                 NaN
                 NaN
                 NaN
                 NaN
                 NaN
                 NaN
                 NaN
                 NaN
                 NaN
                 NaN
                 NaN
                 NaN
                 NaN
                 NaN
                 NaN
                 NaN
                 NaN
                 NaN
                 NaN
                 NaN
                 NaN
                 NaN
                 NaN
                 NaN
                 NaN
                 NaN
                 NaN
