      180.00000000000000000000
      -85.78124237060546875000
      -81.56249237060546875000
      -77.34375000000000000000
      -73.12500000000000000000
      -68.90624237060546875000
      -64.68749237060546875000
      -60.46874618530273437500
      -56.24999618530273437500
      -52.03124618530273437500
      -47.81249618530273437500
      136.40625000000000000000
      140.62500000000000000000
      144.84375000000000000000
      149.06248474121093750000
      153.28123474121093750000
      157.49998474121093750000
      161.71873474121093750000
      165.93750000000000000000
      170.15625000000000000000
      174.37500000000000000000
      178.59373474121093750000
     -177.18748474121093750000
     -172.96873474121093750000
     -168.74998474121093750000
     -164.53125000000000000000
     -160.31250000000000000000
     -156.09375000000000000000
     -151.87498474121093750000
     -147.65625000000000000000
     -143.43748474121093750000
     -139.21873474121093750000
     -135.00000000000000000000
     -130.78125000000000000000
     -126.56250000000000000000
     -122.34373474121093750000
     -118.12500000000000000000
     -113.90624237060546875000
     -109.68749237060546875000
     -105.46874237060546875000
     -101.24999237060546875000
      -97.03124237060546875000
      -92.81249237060546875000
       91.40624237060546875000
       95.62499237060546875000
       99.84374237060546875000
      104.06249237060546875000
      108.28124237060546875000
      112.49999237060546875000
      116.71875000000000000000
      120.93749237060546875000
      125.15624237060546875000
      129.37498474121093750000
      133.59373474121093750000
      137.81250000000000000000
      142.03123474121093750000
      146.25000000000000000000
      150.46875000000000000000
      154.68750000000000000000
      158.90623474121093750000
      163.12498474121093750000
      167.34373474121093750000
      171.56248474121093750000
      175.78125000000000000000
      180.00000000000000000000
     -175.78125000000000000000
     -171.56248474121093750000
     -167.34373474121093750000
     -163.12498474121093750000
     -158.90623474121093750000
     -154.68750000000000000000
     -150.46875000000000000000
     -146.25000000000000000000
     -142.03123474121093750000
     -137.81250000000000000000
     -133.59373474121093750000
     -129.37498474121093750000
     -125.15624237060546875000
     -120.93748474121093750000
     -116.71875000000000000000
     -112.49999237060546875000
     -108.28124237060546875000
     -104.06249237060546875000
      -99.84374237060546875000
      -95.62499237060546875000
      -91.40624237060546875000
       92.81249237060546875000
       97.03124237060546875000
      101.24999237060546875000
      105.46874237060546875000
      109.68749237060546875000
      113.90624237060546875000
      118.12498474121093750000
      122.34373474121093750000
      126.56250000000000000000
      130.78125000000000000000
      135.00000000000000000000
      139.21873474121093750000
      143.43748474121093750000
      147.65625000000000000000
      151.87498474121093750000
      156.09375000000000000000
      160.31250000000000000000
      164.53125000000000000000
      168.74998474121093750000
      172.96873474121093750000
      177.18748474121093750000
     -178.59373474121093750000
     -174.37500000000000000000
     -170.15625000000000000000
     -165.93750000000000000000
     -161.71873474121093750000
     -157.49998474121093750000
     -153.28123474121093750000
     -149.06248474121093750000
     -144.84375000000000000000
     -140.62500000000000000000
     -136.40625000000000000000
     -132.18750000000000000000
     -127.96875000000000000000
     -123.74999237060546875000
     -119.53124237060546875000
     -115.31249237060546875000
     -111.09374237060546875000
     -106.87499237060546875000
     -102.65624237060546875000
      -98.43749237060546875000
      -94.21874237060546875000
     -157.77156066894531250000
       94.21874237060546875000
       98.43749237060546875000
      102.65624237060546875000
      106.87499237060546875000
      111.09374237060546875000
      115.31249237060546875000
      119.53124237060546875000
      123.74999237060546875000
      127.96875000000000000000
      132.18750000000000000000
      136.40625000000000000000
      140.62500000000000000000
      144.84375000000000000000
      149.06248474121093750000
      153.28123474121093750000
      157.49998474121093750000
      161.71873474121093750000
      165.93750000000000000000
      170.15625000000000000000
      174.37500000000000000000
      178.59373474121093750000
     -177.18748474121093750000
     -172.96873474121093750000
     -168.74998474121093750000
     -164.53125000000000000000
     -160.31250000000000000000
     -156.09375000000000000000
     -151.87498474121093750000
     -147.65625000000000000000
     -143.43748474121093750000
     -139.21873474121093750000
     -135.00000000000000000000
     -130.78125000000000000000
     -126.56250000000000000000
     -122.34373474121093750000
     -118.12500000000000000000
     -113.90624237060546875000
     -109.68749237060546875000
     -105.46874237060546875000
     -101.24999237060546875000
      -97.03124237060546875000
      -92.81249237060546875000
       91.40624237060546875000
       95.62499237060546875000
       99.84374237060546875000
      104.06249237060546875000
      108.28124237060546875000
      112.49999237060546875000
      116.71875000000000000000
      120.93748474121093750000
      125.15624237060546875000
      129.37498474121093750000
      133.59373474121093750000
      137.81250000000000000000
      142.03123474121093750000
      146.25000000000000000000
      150.46875000000000000000
      154.68750000000000000000
      158.90623474121093750000
      163.12498474121093750000
      167.34373474121093750000
      171.56248474121093750000
      175.78123474121093750000
      180.00000000000000000000
     -175.78125000000000000000
     -171.56248474121093750000
     -167.34373474121093750000
     -163.12498474121093750000
     -158.90623474121093750000
     -154.68750000000000000000
     -150.46875000000000000000
     -146.25000000000000000000
     -142.03123474121093750000
     -137.81250000000000000000
     -133.59373474121093750000
     -129.37498474121093750000
     -125.15624237060546875000
     -120.93749237060546875000
     -116.71875000000000000000
     -112.49999237060546875000
     -108.28124237060546875000
     -104.06249237060546875000
      -99.84374237060546875000
      -95.62499237060546875000
      -91.40624237060546875000
       92.81249237060546875000
       97.03124237060546875000
      101.24999237060546875000
      105.46874237060546875000
      109.68749237060546875000
      113.90624237060546875000
      118.12500000000000000000
      122.34373474121093750000
      126.56250000000000000000
      130.78125000000000000000
      135.00000000000000000000
      139.21873474121093750000
      143.43748474121093750000
      147.65625000000000000000
      151.87500000000000000000
      156.09375000000000000000
      160.31250000000000000000
      164.53125000000000000000
      168.74998474121093750000
      172.96873474121093750000
      177.18748474121093750000
     -178.59373474121093750000
     -174.37500000000000000000
     -170.15625000000000000000
     -165.93750000000000000000
     -161.71873474121093750000
     -157.49998474121093750000
     -153.28123474121093750000
     -149.06248474121093750000
     -144.84375000000000000000
     -140.62500000000000000000
     -136.40625000000000000000
     -132.18750000000000000000
     -127.96875000000000000000
     -123.74999237060546875000
     -119.53124237060546875000
     -115.31249237060546875000
     -111.09374237060546875000
     -106.87499237060546875000
     -102.65624237060546875000
      -98.43749237060546875000
      -94.21874237060546875000
      141.65443420410156250000
       94.21874237060546875000
       98.43749237060546875000
      102.65624237060546875000
      106.87500000000000000000
      111.09374237060546875000
      115.31249237060546875000
      119.53124237060546875000
      123.74999237060546875000
      127.96875000000000000000
      132.18750000000000000000
      136.40625000000000000000
      140.62500000000000000000
      144.84375000000000000000
      149.06248474121093750000
      153.28123474121093750000
      157.49998474121093750000
      161.71873474121093750000
      165.93750000000000000000
      170.15625000000000000000
      174.37500000000000000000
      178.59373474121093750000
     -177.18748474121093750000
     -172.96873474121093750000
     -168.74998474121093750000
     -164.53125000000000000000
     -160.31250000000000000000
     -156.09375000000000000000
     -151.87498474121093750000
     -147.65625000000000000000
     -143.43748474121093750000
     -139.21873474121093750000
     -135.00000000000000000000
     -130.78125000000000000000
     -126.56250000000000000000
     -122.34373474121093750000
     -118.12500000000000000000
     -113.90624237060546875000
     -109.68749237060546875000
     -105.46874237060546875000
     -101.24999237060546875000
      -97.03124237060546875000
      -92.81249237060546875000
       91.40624237060546875000
       95.62499237060546875000
       99.84374237060546875000
      104.06249237060546875000
      108.28124237060546875000
      112.49999237060546875000
      116.71875000000000000000
      120.93748474121093750000
      125.15624237060546875000
      129.37498474121093750000
      133.59373474121093750000
      137.81250000000000000000
      142.03123474121093750000
      146.25000000000000000000
      150.46875000000000000000
      154.68750000000000000000
      158.90623474121093750000
      163.12498474121093750000
      167.34373474121093750000
      171.56248474121093750000
      175.78123474121093750000
     -180.00000000000000000000
     -175.78123474121093750000
     -171.56248474121093750000
     -167.34373474121093750000
     -163.12498474121093750000
     -158.90623474121093750000
     -154.68750000000000000000
     -150.46875000000000000000
     -146.25000000000000000000
     -142.03123474121093750000
     -137.81250000000000000000
     -133.59373474121093750000
     -129.37498474121093750000
     -125.15624237060546875000
     -120.93748474121093750000
     -116.71875000000000000000
     -112.49999237060546875000
     -108.28124237060546875000
     -104.06249237060546875000
      -99.84374237060546875000
      -95.62499237060546875000
      -91.40624237060546875000
       92.81249237060546875000
       97.03124237060546875000
      101.24999237060546875000
      105.46874237060546875000
      109.68749237060546875000
      113.90624237060546875000
      118.12500000000000000000
      122.34373474121093750000
      126.56250000000000000000
      130.78125000000000000000
      135.00000000000000000000
      139.21873474121093750000
      143.43748474121093750000
      147.65625000000000000000
      151.87500000000000000000
      156.09375000000000000000
      160.31250000000000000000
      164.53125000000000000000
      168.74998474121093750000
      172.96873474121093750000
      177.18748474121093750000
     -178.59373474121093750000
     -174.37500000000000000000
     -170.15625000000000000000
     -165.93750000000000000000
     -161.71873474121093750000
     -157.49998474121093750000
     -153.28123474121093750000
     -149.06248474121093750000
     -144.84375000000000000000
     -140.62500000000000000000
     -136.40625000000000000000
     -132.18750000000000000000
     -127.96875000000000000000
     -123.74999237060546875000
     -119.53124237060546875000
     -115.31249237060546875000
     -111.09374237060546875000
     -106.87499237060546875000
     -102.65624237060546875000
      -98.43749237060546875000
      -94.21874237060546875000
      -59.80745697021484375000
       94.21874237060546875000
       98.43749237060546875000
      102.65624237060546875000
      106.87499237060546875000
      111.09374237060546875000
      115.31249237060546875000
      119.53124237060546875000
      123.74999237060546875000
      127.96875000000000000000
      132.18750000000000000000
      136.40625000000000000000
      140.62500000000000000000
      144.84375000000000000000
      149.06248474121093750000
      153.28123474121093750000
      157.49998474121093750000
      161.71873474121093750000
      165.93750000000000000000
      170.15625000000000000000
      174.37500000000000000000
      178.59373474121093750000
     -177.18748474121093750000
     -172.96873474121093750000
     -168.74998474121093750000
     -164.53125000000000000000
     -160.31250000000000000000
     -156.09375000000000000000
     -151.87498474121093750000
     -147.65625000000000000000
     -143.43748474121093750000
     -139.21873474121093750000
     -135.00000000000000000000
     -130.78125000000000000000
     -126.56250000000000000000
     -122.34373474121093750000
     -118.12500000000000000000
     -113.90624237060546875000
     -109.68749237060546875000
     -105.46874237060546875000
     -101.24999237060546875000
      -97.03124237060546875000
      -92.81249237060546875000
       91.40624237060546875000
       95.62499237060546875000
       99.84374237060546875000
      104.06249237060546875000
      108.28124237060546875000
      112.49999237060546875000
      116.71875000000000000000
      120.93749237060546875000
      125.15624237060546875000
      129.37498474121093750000
      133.59373474121093750000
      137.81250000000000000000
      142.03125000000000000000
      146.25000000000000000000
      150.46875000000000000000
      154.68750000000000000000
      158.90623474121093750000
      163.12498474121093750000
      167.34373474121093750000
      171.56248474121093750000
      175.78123474121093750000
     -180.00000000000000000000
     -175.78123474121093750000
     -171.56248474121093750000
     -167.34373474121093750000
     -163.12498474121093750000
     -158.90623474121093750000
     -154.68750000000000000000
     -150.46875000000000000000
     -146.25000000000000000000
     -142.03123474121093750000
     -137.81250000000000000000
     -133.59373474121093750000
     -129.37498474121093750000
     -125.15624237060546875000
     -120.93748474121093750000
     -116.71875000000000000000
     -112.49999237060546875000
     -108.28124237060546875000
     -104.06249237060546875000
      -99.84374237060546875000
      -95.62499237060546875000
      -91.40624237060546875000
       92.81249237060546875000
       97.03124237060546875000
      101.24999237060546875000
      105.46874237060546875000
      109.68749237060546875000
      113.90624237060546875000
      118.12500000000000000000
      122.34373474121093750000
      126.56250000000000000000
      130.78125000000000000000
      135.00000000000000000000
      139.21873474121093750000
      143.43748474121093750000
      147.65625000000000000000
      151.87498474121093750000
      156.09375000000000000000
      160.31250000000000000000
      164.53125000000000000000
      168.74998474121093750000
      172.96873474121093750000
      177.18748474121093750000
     -178.59373474121093750000
     -174.37500000000000000000
     -170.15625000000000000000
     -165.93750000000000000000
     -161.71873474121093750000
     -157.49998474121093750000
     -153.28123474121093750000
     -149.06248474121093750000
     -144.84375000000000000000
     -140.62500000000000000000
     -136.40625000000000000000
     -132.18750000000000000000
     -127.96875000000000000000
     -123.74999237060546875000
     -119.53124237060546875000
     -115.31249237060546875000
     -111.09374237060546875000
     -106.87499237060546875000
     -102.65624237060546875000
      -98.43749237060546875000
      -94.21874237060546875000
