      100.49631500244140625000
       85.65715026855468750000
       63.48405456542968750000
       47.97356033325195312500
       37.92049789428710937500
       31.14559745788574218750
       26.34465217590332031250
       22.79038810729980468750
       20.06342697143554687500
       17.90978622436523437500
       16.16823005676269531250
       14.73208141326904296875
       13.52820587158203125000
       12.50490474700927734375
       11.62465476989746093750
       10.85959339141845703125
       10.18861675262451171875
        9.59545326232910156250
        9.06736850738525390625
        8.59424591064453125000
        8.16796302795410156250
        7.78191089630126953125
        7.43067026138305664062
        7.10974836349487304688
        6.81539344787597656250
        6.54444551467895507812
        6.29422712326049804688
        6.06245231628417968750
        5.84716081619262695312
        5.64665794372558593750
        5.45947504043579101562
        5.28433227539062500000
        5.12010574340820312500
        4.96580982208251953125
        4.82057285308837890625
        4.68362283706665039062
        4.55427217483520507812
        4.43190765380859375000
        4.31598091125488281250
        4.20599889755249023438
        4.10151672363281250000
        4.00213527679443359375
        3.90749025344848632812
        3.81725311279296875000
        3.73112392425537109375
        3.64882993698120117188
        3.57012128829956054688
        3.49477028846740722656
        3.42256689071655273438
        3.35331869125366210938
        3.28684902191162109375
        3.22299385070800781250
        3.16160321235656738281
        3.10253691673278808594
        3.04566574096679687500
        2.99086999893188476562
        2.93803858757019042969
        2.88706731796264648438
        2.83786034584045410156
        2.79032731056213378906
        2.74438476562500000000
        2.69995403289794921875
        2.65696215629577636719
        2.61533975601196289062
        2.57502365112304687500
        2.53595232963562011719
        2.49807024002075195312
        2.46132302284240722656
        2.42566180229187011719
        2.39103865623474121094
        2.35740947723388671875
        2.32473254203796386719
        2.29296827316284179688
        2.26207923889160156250
        2.23203063011169433594
        2.20278859138488769531
        2.17432165145874023438
        2.14660024642944335938
        2.11959576606750488281
        2.09328103065490722656
        2.06763100624084472656
        2.04262089729309082031
        2.01822781562805175781
        1.99442946910858154297
        1.97120511531829833984
        1.94853448867797851562
        1.92639851570129394531
        1.90477895736694335938
        1.88365805149078369141
        1.86301934719085693359
        1.84284675121307373047
        1.82312476634979248047
        1.80383896827697753906
        1.78497481346130371094
        1.76651918888092041016
        1.74845862388610839844
        1.73078095912933349609
        1.71347403526306152344
        1.69652652740478515625
        1.67992711067199707031
        1.66366541385650634766
        1.64773094654083251953
        1.63211429119110107422
        1.61680531501770019531
        1.60179567337036132812
        1.58707630634307861328
        1.57263875007629394531
        1.55847513675689697266
        1.54457795619964599609
        1.53093922138214111328
        1.51755249500274658203
        1.50441026687622070312
        1.49150657653808593750
        1.47883450984954833984
        1.46638846397399902344
        1.45416259765625000000
        1.44215083122253417969
        1.43034839630126953125
        1.41874980926513671875
        1.40735006332397460938
        1.39614415168762207031
        1.38512790203094482422
        1.37429654598236083984
        1.36364579200744628906
        1.35317134857177734375
        1.34286928176879882812
        1.33273553848266601562
        1.32276642322540283203
        1.31295835971832275391
        1.30330741405487060547
        1.29381024837493896484
        1.28446352481842041016
        1.27526378631591796875
        1.26620769500732421875
        1.25729215145111083984
        1.24851417541503906250
        1.23987054824829101562
        1.23135828971862792969
        1.22297453880310058594
        1.21471643447875976562
        1.20658135414123535156
        1.19856631755828857422
        1.19066894054412841797
        1.18288636207580566406
        1.17521631717681884766
        1.16765606403350830078
        1.16020345687866210938
        1.15285587310791015625
        1.14561140537261962891
        1.13846755027770996094
        1.13142251968383789062
        1.12447392940521240234
        1.11761987209320068359
        1.11085844039916992188
        1.10418784618377685547
        1.09760618209838867188
        1.09111177921295166016
        1.08470308780670166016
        1.07837808132171630859
        1.07213568687438964844
        1.06597423553466796875
        1.05989229679107666016
        1.05388844013214111328
        1.04796135425567626953
        1.04210972785949707031
        1.03633236885070800781
        1.03062796592712402344
        1.02499556541442871094
        1.01943385601043701172
        1.01394164562225341797
        1.00851798057556152344
        1.00316178798675537109
        0.99787175655364990234
        0.99264711141586303711
        0.98748683929443359375
        0.98238980770111083984
        0.97735500335693359375
        0.97238147258758544922
        0.96746820211410522461
        0.96261417865753173828
        0.95781844854354858398
        0.95308005809783935547
        0.94839793443679809570
        0.94377118349075317383
        0.93919885158538818359
        0.93467992544174194336
        0.93021351099014282227
        0.92579871416091918945
        0.92143452167510986328
        0.91712009906768798828
        0.91285449266433715820
        0.90863674879074096680
        0.90446633100509643555
        0.90034204721450805664
        0.89626330137252807617
        0.89222919940948486328
        0.88823908567428588867
        0.88429212570190429688
        0.88038766384124755859
        0.87652510404586791992
        0.87270361185073852539
        0.86892271041870117188
        0.86518168449401855469
        0.86148011684417724609
        0.85781741142272949219
        0.85419303178787231445
        0.85060650110244750977
        0.84705734252929687500
        0.84354501962661743164
        0.84006929397583007812
        0.83662956953048706055
        0.83322560787200927734
        0.82985681295394897461
        0.82652294635772705078
        0.82322359085083007812
        0.81995832920074462891
        0.81672692298889160156
        0.81352889537811279297
        0.81036382913589477539
        0.80723148584365844727
        0.80413138866424560547
        0.80106312036514282227
        0.79802638292312622070
        0.79502069950103759766
        0.79204571247100830078
        0.78910100460052490234
        0.78618615865707397461
        0.78330081701278686523
        0.78044444322586059570
        0.77761662006378173828
        0.77481693029403686523
        0.77204501628875732422
        0.76930034160614013672
        0.76658236980438232422
        0.76389098167419433594
        0.76122546195983886719
        0.75858557224273681641
        0.75597077608108520508
        0.75338077545166015625
        0.75081515312194824219
        0.74827355146408081055
        0.74575561285018920898
        0.74326092004776000977
        0.74078917503356933594
        0.73834019899368286133
        0.73591369390487670898
        0.73350918292999267578
        0.73112660646438598633
        0.72876560688018798828
        0.72642612457275390625
        0.72410774230957031250
        0.72181051969528198242
        0.71953397989273071289
        0.71727824211120605469
        0.71504294872283935547
        0.71282809972763061523
        0.71063339710235595703
        0.70845884084701538086
        0.70630425214767456055
        0.70416939258575439453
        0.70205426216125488281
        0.69995874166488647461
        0.69788259267807006836
        0.69582569599151611328
        0.69378793239593505859
        0.69176906347274780273
        0.68976897001266479492
        0.68778747320175170898
        0.68582433462142944336
        0.68387949466705322266
        0.68195253610610961914
        0.68004339933395385742
        0.67815184593200683594
        0.67627757787704467773
        0.67442041635513305664
        0.67258006334304809570
        0.67075634002685546875
        0.66894894838333129883
        0.66715770959854125977
        0.66538226604461669922
        0.66362243890762329102
        0.66187798976898193359
        0.66014873981475830078
        0.65843439102172851562
        0.65673470497131347656
        0.65504950284957885742
        0.65337866544723510742
        0.65172189474105834961
        0.65007907152175903320
        0.64845007658004760742
        0.64683461189270019531
        0.64523279666900634766
        0.64364421367645263672
        0.64206904172897338867
        0.64050704240798950195
        0.63895815610885620117
        0.63742232322692871094
        0.63589942455291748047
        0.63438951969146728516
        0.63289248943328857422
        0.63140827417373657227
        0.62993681430816650391
        0.62847822904586791992
        0.62703233957290649414
        0.62559908628463745117
        0.62417846918106079102
        0.62277048826217651367
        0.62137502431869506836
        0.61999207735061645508
        0.61862158775329589844
        0.61726337671279907227
        0.61591744422912597656
        0.61458367109298706055
        0.61326199769973754883
        0.61195236444473266602
        0.61065447330474853516
        0.60936826467514038086
        0.60809367895126342773
        0.60683047771453857422
        0.60557860136032104492
        0.60433781147003173828
        0.60310798883438110352
        0.60188901424407958984
        0.60068053007125854492
        0.59948265552520751953
        0.59829503297805786133
        0.59711766242980957031
        0.59595018625259399414
        0.59479260444641113281
        0.59364467859268188477
        0.59250640869140625000
        0.59137761592864990234
        0.59025818109512329102
        0.58914798498153686523
        0.58804696798324584961
        0.58695507049560546875
        0.58587217330932617188
        0.58479833602905273438
        0.58373332023620605469
        0.58267730474472045898
        0.58163005113601684570
        0.58059173822402954102
        0.57956230640411376953
        0.57854169607162475586
        0.57752990722656250000
        0.57652699947357177734
        0.57553303241729736328
        0.57454788684844970703
        0.57357156276702880859
        0.57260423898696899414
        0.57164573669433593750
        0.57069611549377441406
        0.56975543498992919922
        0.56882351636886596680
        0.56790047883987426758
        0.56698626279830932617
        0.56608074903488159180
        0.56518399715423583984
        0.56429582834243774414
        0.56341624259948730469
        0.56254512071609497070
        0.56168246269226074219
        0.56082814931869506836
        0.55998194217681884766
        0.55914390087127685547
        0.55831384658813476562
        0.55749160051345825195
        0.55667716264724731445
        0.55587029457092285156
        0.55507099628448486328
        0.55427902936935424805
        0.55349439382553100586
        0.55271697044372558594
        0.55194658041000366211
        0.55118316411972045898
        0.55042666196823120117
        0.54967695474624633789
        0.54893392324447631836
        0.54819762706756591797
        0.54746800661087036133
        0.54674494266510009766
        0.54602843523025512695
        0.54531848430633544922
        0.54461503028869628906
        0.54391819238662719727
        0.54322785139083862305
        0.54254400730133056641
        0.54186677932739257812
        0.54119616746902465820
        0.54053217172622680664
        0.53987479209899902344
        0.53922414779663085938
        0.53858023881912231445
        0.53794300556182861328
        0.53731256723403930664
        0.53668892383575439453
        0.53607213497161865234
        0.53546214103698730469
        0.53485894203186035156
        0.53426259756088256836
        0.53367304801940917969
        0.53309029340744018555
        0.53251427412033081055
        0.53194499015808105469
        0.53138238191604614258
        0.53082633018493652344
        0.53027689456939697266
        0.52973383665084838867
        0.52919721603393554688
        0.52866691350936889648
        0.52814280986785888672
        0.52762478590011596680
        0.52711290121078491211
        0.52660685777664184570
        0.52610671520233154297
        0.52561235427856445312
        0.52512359619140625000
        0.52464044094085693359
        0.52416282892227172852
        0.52369058132171630859
        0.52322381734848022461
        0.52276229858398437500
        0.52230602502822875977
        0.52185511589050292969
        0.52140933275222778320
        0.52096873521804809570
        0.52053344249725341797
        0.52010327577590942383
        0.51967823505401611328
        0.51925855875015258789
        0.51884394884109497070
        0.51843476295471191406
        0.51803088188171386719
        0.51763230562210083008
        0.51723915338516235352
        0.51685154438018798828
        0.51646924018859863281
        0.51609265804290771484
        0.51572149991989135742
        0.51535606384277343750
        0.51499629020690917969
        0.51464205980300903320
        0.51429367065429687500
        0.51395094394683837891
        0.51361399888992309570
        0.51328265666961669922
        0.51295709609985351562
        0.51263725757598876953
        0.51232302188873291016
        0.51201444864273071289
        0.51171135902404785156
        0.51141393184661865234
        0.51112192869186401367
        0.51083534955978393555
        0.51055407524108886719
        0.51027804613113403320
        0.51000720262527465820
        0.50974148511886596680
        0.50948077440261840820
        0.50922501087188720703
        0.50897419452667236328
        0.50872814655303955078
        0.50848686695098876953
        0.50825023651123046875
        0.50801825523376464844
        0.50779092311859130859
        0.50756812095642089844
        0.50734978914260864258
        0.50713598728179931641
        0.50692671537399291992
        0.50672191381454467773
        0.50652158260345458984
        0.50632584095001220703
        0.50613456964492797852
        0.50594800710678100586
        0.50576591491699218750
        0.50558865070343017578
        0.50541597604751586914
        0.50524806976318359375
        0.50508505105972290039
        0.50492686033248901367
        0.50477367639541625977
        0.50462538003921508789
        0.50448220968246459961
        0.50434404611587524414
        0.50421106815338134766
        0.50408321619033813477
        0.50396060943603515625
        0.50384318828582763672
        0.50373101234436035156
        0.50362414121627807617
        0.50352239608764648438
        0.50342589616775512695
        0.50333458185195922852
        0.50324851274490356445
        0.50316751003265380859
        0.50309163331985473633
        0.50302076339721679688
        0.50295495986938476562
        0.50289398431777954102
        0.50283789634704589844
        0.50278669595718383789
        0.50274014472961425781
        0.50269830226898193359
        0.50266104936599731445
        0.50262832641601562500
        0.50260013341903686523
        0.50257629156112670898
        0.50255692005157470703
        0.50254184007644653320
        0.50253117084503173828
        0.50252467393875122070
