        1.00000000000000000000
      650.94677734375000000000
        2.14658045768737792969
      214.45472717285156250000
        3.90730261802673339844
      125.67444610595703125000
        5.70028972625732421875
       86.61615753173828125000
        7.45029067993164062500
       64.18785858154296875000
        9.12532329559326171875
       49.37814712524414062500
       10.70267200469970703125
       38.73154830932617187500
       12.16351032257080078125
       30.64343643188476562500
       13.49168682098388671875
       24.27011299133300781250
       14.67343902587890625000
       19.12721443176269531250
       15.69736862182617187500
       14.91753768920898437500
       16.55450630187988281250
       11.44874668121337890625
       17.23837661743164062500
        8.59072875976562500000
       17.74503326416015625000
        6.25227785110473632812
       18.07309150695800781250
        4.36836481094360351562
       18.22369956970214843750
        2.89475703239440917969
       18.20048141479492187500
        1.81132066249847412109
       18.00945091247558593750
        1.13730025291442871094
       17.65888023376464843750
        0.89826387166976928711
       17.15913009643554687500
        0.92819678783416748047
       16.52246284484863281250
        0.98696792125701904297
       15.76281738281250000000
        0.99975723028182983398
       14.89555740356445312500
        1.00928866863250732422
       13.93721008300781250000
        1.11606109142303466797
       12.90518379211425781250
        1.39693772792816162109
       11.81747817993164062500
        1.84491026401519775391
       10.69239139556884765625
        2.41250014305114746094
        9.54822731018066406250
        3.05563998222351074219
        8.40302181243896484375
        3.74030947685241699219
        7.27427911758422851562
        4.43944025039672851562
        6.17874717712402343750
        5.13040542602539062500
        5.13225221633911132812
        5.79376125335693359375
        4.14963388442993164062
        6.41267633438110351562
        3.24490714073181152344
        6.97269487380981445312
        2.43193411827087402344
        7.46165513992309570312
        1.72653877735137939453
        7.86965942382812500000
        1.15303492546081542969
        8.18907165527343750000
        0.76237583160400390625
        8.41450119018554687500
        0.63359791040420532227
        8.54277133941650390625
        0.71878004074096679688
        8.57286643981933593750
        0.85141289234161376953
        8.50584506988525390625
        0.94851940870285034180
        8.34473514556884765625
        0.99357503652572631836
        8.09439182281494140625
        0.99902594089508056641
        7.76133632659912109375
        0.99729162454605102539
        7.35356950759887695312
        1.03677368164062500000
        6.88036632537841796875
        1.16419279575347900391
        6.35205698013305664062
        1.39749014377593994141
        5.77979135513305664062
        1.72317111492156982422
        5.17530441284179687500
        2.11582660675048828125
        4.55067825317382812500
        2.55114126205444335938
        3.91811323165893554688
        3.00867915153503417969
        3.28972840309143066406
        3.47126674652099609375
        2.67741036415100097656
        3.92413139343261718750
        2.09279727935791015625
        4.35436630249023437500
        1.54762005805969238281
        4.75067806243896484375
        1.05529630184173583984
        5.10329103469848632812
        0.63826370239257812500
        5.40393686294555664062
        0.36717849969863891602
        5.64587593078613281250
        0.39287474751472473145
        5.82392644882202148438
        0.57996141910552978516
        5.93448495864868164062
        0.75709366798400878906
        5.97552919387817382812
        0.88676345348358154297
        5.94660043716430664062
        0.96457898616790771484
        5.84875774383544921875
        0.99683284759521484375
        5.68451499938964843750
        0.99779719114303588867
        5.45773935317993164062
        0.99070370197296142578
        5.17354536056518554688
        1.00749635696411132812
        4.83814859390258789062
        1.08141839504241943359
        4.45871686935424804688
        1.23208463191986083984
        4.04319667816162109375
        1.45773816108703613281
        3.60012984275817871094
        1.74285233020782470703
        3.13846230506896972656
        2.06867694854736328125
        2.66735005378723144531
        2.41806721687316894531
        2.19596362113952636719
        2.77630662918090820312
        1.73330187797546386719
        3.13075065612792968750
        1.28803324699401855469
        3.47040605545043945312
        0.86842912435531616211
        3.78566479682922363281
        0.48282077908515930176
        4.06818246841430664062
        0.14837695658206939697
        4.31083583831787109375
        0.19466674327850341797
        4.50772905349731445312
        0.44373309612274169922
        4.65421485900878906250
        0.64960074424743652344
        4.74691772460937500000
        0.80587428808212280273
        4.78374481201171875000
        0.91310751438140869141
        4.76388502120971679688
        0.97498428821563720703
        4.68778610229492187500
        0.99869608879089355469
        4.55711269378662109375
        0.99605566263198852539
        4.37468338012695312500
        0.98486912250518798828
        4.14438581466674804688
        0.98917740583419799805
        3.87107539176940917969
        1.03522002696990966797
        3.56045484542846679688
        1.14179444313049316406
        3.21894168853759765625
        1.31237387657165527344
        2.85352158546447753906
        1.53732359409332275391
        2.47159719467163085938
        1.80165982246398925781
        2.08083724975585937500
        2.09036254882812500000
        1.68903613090515136719
        2.39012074470520019531
        1.30402064323425292969
        2.68943142890930175781
        0.93371737003326416016
        2.97832298278808593750
        0.58696264028549194336
        3.24811244010925292969
        0.28027650713920593262
        3.49126195907592773438
        0.14603722095489501953
        3.70132255554199218750
        0.33677005767822265625
        3.87291836738586425781
        0.54269009828567504883
        4.00176000595092773438
        0.71351510286331176758
        4.08466005325317382812
        0.84341686964035034180
        4.11954832077026367188
        0.93212085962295532227
        4.10547351837158203125
        0.98230659961700439453
        4.04258918762207031250
        0.99968940019607543945
        3.93212604522705078125
        0.99377918243408203125
        3.77634620666503906250
        0.97888708114624023438
        3.57847690582275390625
        0.97445386648178100586
        3.34263157844543457031
        1.00256919860839843750
        3.07371759414672851562
        1.08110320568084716797
        2.77733325958251953125
        1.21639299392700195312
        2.45966219902038574219
        1.40269148349761962891
        2.12737917900085449219
        1.62774038314819335938
        1.78759074211120605469
        1.87803208827972412109
        1.44787740707397460938
        2.14115643501281738281
        1.11662912368774414062
        2.40628576278686523438
        0.80435067415237426758
        2.66403841972351074219
        0.52888256311416625977
        2.90626716613769531250
        0.33762806653976440430
        3.12591147422790527344
        0.32939985394477844238
        3.31692171096801757812
        0.46499696373939514160
        3.47423434257507324219
        0.62380307912826538086
        3.59377384185791015625
        0.76340949535369873047
        3.67246341705322265625
        0.87199538946151733398
        3.70824050903320312500
        0.94645136594772338867
        3.70005774497985839844
        0.98772925138473510742
        3.64787888526916503906
        1.00000000000000000000
        3.55265784263610839844
        0.99093711376190185547
        3.41630291938781738281
        0.97242033481597900391
        3.24162721633911132812
        0.96089953184127807617
        3.03228735923767089844
        0.97579687833786010742
        2.79271292686462402344
        1.03430485725402832031
        2.52803277969360351562
        1.14464747905731201172
        2.24401092529296875000
        1.30388629436492919922
        1.94701659679412841797
        1.50182449817657470703
        1.64407289028167724609
        1.72606015205383300781
        1.34311473369598388672
        1.96477103233337402344
        1.05377578735351562500
        2.20752811431884765625
        0.78964793682098388672
        2.44529080390930175781
        0.57447218894958496094
        2.67022633552551269531
        0.45226302742958068848
        2.87555480003356933594
        0.46135950088500976562
        3.05546402931213378906
        0.56168574094772338867
        3.20507168769836425781
        0.68687599897384643555
        3.32041883468627929688
        0.80239146947860717773
        3.39847970008850097656
        0.89434599876403808594
        3.43716979026794433594
        0.95766520500183105469
        3.43535590171813964844
        0.99183410406112670898
        3.39285039901733398438
        0.99970459938049316406
        3.31040096282958984375
        0.98748934268951416016
        3.18966007232666015625
        0.96527326107025146484
        3.03315138816833496094
        0.94741594791412353516
        2.84421920776367187500
        0.95154047012329101562
        2.62697720527648925781
        0.99444782733917236328
        2.38626027107238769531
        1.08583974838256835938
        2.12759399414062500000
        1.22498834133148193359
        1.85721337795257568359
        1.40330886840820312500
        1.58219504356384277344
        1.60919475555419921875
        1.31083869934082031250
        1.83117365837097167969
        1.05361545085906982422
        2.05901861190795898438
        0.82533013820648193359
        2.28386259078979492188
        0.64897209405899047852
        2.49804091453552246094
        0.55577105283737182617
        2.69492983818054199219
        0.56115376949310302734
        2.86884784698486328125
        0.63623166084289550781
        3.01500725746154785156
        0.73667848110198974609
        3.12950062751770019531
        0.83351838588714599609
        3.20930504798889160156
        0.91230690479278564453
        3.25229263305664062500
        0.96667605638504028320
        3.25723862648010253906
        0.99493557214736938477
        3.22382187843322753906
        0.99883121252059936523
        3.15261721611022949219
        0.98338383436203002930
        3.04507541656494140625
        0.95728731155395507812
        2.90349531173706054688
        0.93336272239685058594
        2.73098659515380859375
        0.92799127101898193359
        2.53143358230590820312
        0.95785385370254516602
        2.30946135520935058594
        1.03400039672851562500
        2.07043075561523437500
        1.15759372711181640625
        1.82048618793487548828
        1.32134377956390380859
        1.56672263145446777344
        1.51417207717895507812
        1.31759035587310791016
        1.72474384307861328125
        1.08375978469848632812
        1.94287085533142089844
        0.87970399856567382812
        2.15973067283630371094
        0.72537529468536376953
        2.36772036552429199219
        0.64292067289352416992
        2.56028413772583007812
        0.63993424177169799805
        2.73179650306701660156
        0.69557249546051025391
        2.87750339508056640625
        0.77693915367126464844
        2.99349999427795410156
        0.85893458127975463867
        3.07673335075378417969
        0.92706215381622314453
        3.12501120567321777344
        0.97404134273529052734
        3.13701009750366210938
        0.99721497297286987305
        3.11228084564208984375
        0.99738049507141113281
        3.05124378204345703125
        0.97855377197265625000
        2.95517706871032714844
        0.94830238819122314453
        2.82619285583496093750
        0.91826838254928588867
        2.66721153259277343750
        0.90397566556930541992
        2.48193240165710449219
        0.92224460840225219727
        2.27481412887573242188
        0.98551434278488159180
        2.05108022689819335938
        1.09670341014862060547
        1.81677949428558349609
        1.24957954883575439453
        1.57895410060882568359
        1.43333220481872558594
        1.34600627422332763672
        1.63655006885528564453
        1.12839162349700927734
        1.84892797470092773438
        0.93964445590972900391
        2.06157708168029785156
        0.79682374000549316406
        2.26687359809875488281
        0.71674716472625732422
        2.45826244354248046875
        0.70435374975204467773
        2.63011884689331054688
        0.74418854713439941406
        2.77767634391784667969
        0.81021666526794433594
        2.89699745178222656250
        0.88009059429168701172
        2.98497152328491210938
        0.93938994407653808594
        3.03932332992553710938
        0.98011821508407592773
        3.05862307548522949219
        0.99878096580505371094
        3.04229426383972167969
        0.99533385038375854492
        2.99061346054077148438
        0.97291278839111328125
        2.90470170974731445312
        0.93813592195510864258
        2.78650975227355957031
        0.90170687437057495117
        2.63879466056823730469
        0.87857580184936523438
        2.46509957313537597656
        0.88596433401107788086
        2.26974081993103027344
        0.93787813186645507812
        2.05781745910644531250
        1.03900361061096191406
        1.83527219295501708984
        1.18397128582000732422
        1.60904324054718017578
        1.36195182800292968750
        1.38737273216247558594
        1.56121456623077392578
        1.18033289909362792969
        1.77117693424224853516
        1.00045931339263916016
        1.98278129100799560547
        0.86262464523315429688
        2.18831443786621093750
        0.78062224388122558594
        2.38116908073425292969
        0.75865036249160766602
        2.55567979812622070312
        0.78503096103668212891
        2.70703196525573730469
        0.83826225996017456055
        2.83122587203979492188
        0.89798086881637573242
        2.92507100105285644531
        0.94981819391250610352
        2.98619389533996582031
        0.98514479398727416992
        3.01304960250854492188
        0.99969792366027832031
        3.00493240356445312500
        0.99265426397323608398
        2.96197938919067382812
        0.96634918451309204102
        2.88516712188720703125
        0.92656463384628295898
        2.77629876136779785156
        0.88322842121124267578
        2.63798856735229492188
        0.85093474388122558594
        2.47364473342895507812
        0.84759235382080078125
        2.28745818138122558594
        0.88909423351287841797
        2.08441638946533203125
        0.98204976320266723633
        1.87035429477691650391
        1.12176430225372314453
        1.65208685398101806641
        1.29702806472778320312
        1.43765914440155029297
        1.49549341201782226562
        1.23674118518829345703
        1.70612359046936035156
        1.06101906299591064453
        1.91959679126739501953
        0.92384475469589233398
        2.12805366516113281250
        0.83732092380523681641
        2.32479572296142578125
        0.80570083856582641602
        2.50408387184143066406
        0.82012599706649780273
        2.66102790832519531250
        0.86230319738388061523
        2.79154300689697265625
        0.91330415010452270508
        2.89233851432800292969
        0.95871609449386596680
        2.96092748641967773438
        0.98928511142730712891
        2.99564099311828613281
