        0.00000000000007087726
        2.36340904235839843750
        4.85427379608154296875
        7.62671756744384765625
       10.90080261230468750000
       15.03837108612060546875
       20.72031784057617187500
       29.44752883911132812500
       45.37958145141601562500
       86.06556701660156250000
      461.42999267578125000000
      149.75822448730468750000
       65.92366027832031250000
       42.55249786376953125000
       31.41981887817382812500
       24.82435798645019531250
       20.41197776794433593750
       17.22087097167968750000
       14.78454875946044921875
       12.84920692443847656250
       11.26482486724853515625
        9.93697261810302734375
        8.80321025848388671875
        7.82056379318237304688
        6.95847415924072265625
        6.19459533691406250000
        5.51219892501831054688
        4.89849901199340820312
        4.34355020523071289062
        3.83948707580566406250
        3.38000178337097167969
        2.95996737480163574219
        2.57516670227050781250
        2.22209143638610839844
        1.89779233932495117188
        1.59976387023925781250
        1.32585799694061279297
        1.07421541213989257812
        0.84321272373199462891
        0.63141936063766479492
        0.43756437301635742188
        0.26050922274589538574
        0.09922573715448379517
        0.04722183570265769958
        0.17969132959842681885
        0.29897478222846984863
        0.40580824017524719238
        0.50088024139404296875
        0.58483821153640747070
        0.65829449892044067383
        0.72183096408843994141
        0.77600282430648803711
        0.82134181261062622070
        0.85835903882980346680
        0.88754743337631225586
        0.90938282012939453125
        0.92432630062103271484
        0.93282467126846313477
        0.93531215190887451172
        0.93221044540405273438
        0.92392975091934204102
        0.91086906194686889648
        0.89341670274734497070
        0.87195003032684326172
        0.84683609008789062500
        0.81843137741088867188
        0.78708201646804809570
        0.75312352180480957031
        0.71688085794448852539
        0.67866808176040649414
        0.63878864049911499023
        0.59753477573394775391
        0.55518752336502075195
        0.51201659440994262695
        0.46828028559684753418
        0.42422503232955932617
        0.38008552789688110352
        0.33608445525169372559
        0.29243251681327819824
        0.24932810664176940918
        0.20695745944976806641
        0.16549444198608398438
        0.12510062754154205322
        0.08592519909143447876
        0.04810504615306854248
        0.01176477968692779541
        0.02298318408429622650
        0.05603850632905960083
        0.08731281012296676636
        0.11672948300838470459
        0.14422354102134704590
        0.16974136233329772949
        0.19324041903018951416
        0.21468910574913024902
        0.23406630754470825195
        0.25136119127273559570
        0.26657283306121826172
        0.27970975637435913086
        0.29078969359397888184
        0.29983907938003540039
        0.30689263343811035156
        0.31199294328689575195
        0.31518998742103576660
        0.31654074788093566895
        0.31610858440399169922
        0.31396278738975524902
        0.31017825007438659668
        0.30483472347259521484
        0.29801639914512634277
        0.28981149196624755859
        0.28031158447265625000
        0.26961126923561096191
        0.25780746340751647949
        0.24499906599521636963
        0.23128640651702880859
        0.21677067875862121582
        0.20155368745326995850
        0.18573707342147827148
        0.16942214965820312500
        0.15270930528640747070
        0.13569760322570800781
        0.11848441511392593384
        0.10116500407457351685
        0.08383216708898544312
        0.06657589972019195557
        0.04948303103446960449
        0.03263697028160095215
        0.01611739397048950195
        0.00000000000012917982
        0.01564373634755611420
        0.03074676543474197388
        0.04524664580821990967
        0.05908571183681488037
        0.07221120595932006836
        0.08457539230585098267
        0.09613563865423202515
        0.10685447603464126587
        0.11669964343309402466
        0.12564410269260406494
        0.13366600871086120605
        0.14074866473674774170
        0.14688058197498321533
        0.15205521881580352783
        0.15627099573612213135
        0.15953117609024047852
        0.16184373199939727783
        0.16322109103202819824
        0.16368012130260467529
        0.16324178874492645264
        0.16193109750747680664
        0.15977676212787628174
        0.15681101381778717041
        0.15306940674781799316
        0.14859046041965484619
        0.14341558516025543213
        0.13758856058120727539
        0.13115552067756652832
        0.12416452169418334961
        0.11666531115770339966
        0.10870902240276336670
        0.10034794360399246216
        0.09163522720336914062
        0.08262453228235244751
        0.07336986809968948364
        0.06392523646354675293
        0.05434441938996315002
        0.04468067735433578491
        0.03498654067516326904
        0.02531352639198303223
        0.01571194455027580261
        0.00623065186664462090
        0.00308315199799835682
        0.01218412071466445923
        0.02102894894778728485
        0.02957654371857643127
        0.03778817877173423767
        0.04562765359878540039
        0.05306139588356018066
        0.06005860120058059692
        0.06659130752086639404
        0.07263451069593429565
        0.07816618680953979492
        0.08316738158464431763
        0.08762223273515701294
        0.09151797741651535034
        0.09484497457742691040
        0.09759669005870819092
        0.09976965934038162231
        0.10136345773935317993
        0.10238065570592880249
        0.10282672196626663208
        0.10270996391773223877
        0.10204144567251205444
        0.10083483904600143433
        0.09910637140274047852
        0.09687462449073791504
        0.09416046738624572754
        0.09098688513040542603
        0.08737877756357192993
        0.08336290717124938965
        0.07896762341260910034
        0.07422277331352233887
        0.06915946304798126221
        0.06380992382764816284
        0.05820731073617935181
        0.05238553509116172791
        0.04637904465198516846
        0.04022268205881118774
        0.03395147994160652161
        0.02760048955678939819
        0.02120459079742431641
        0.01479832641780376434
        0.00841573905199766159
        0.00209019030444324017
        0.00414578337222337723
        0.01026063133031129837
        0.01622392982244491577
        0.02200652286410331726
        0.02758064493536949158
        0.03292004764080047607
        0.03800009936094284058
        0.04279790446162223816
        0.04729238152503967285
        0.05146433040499687195
        0.05529653653502464294
        0.05877379700541496277
        0.06188298389315605164
        0.06461308151483535767
        0.06695520132780075073
        0.06890261173248291016
        0.07045073062181472778
        0.07159711420536041260
        0.07234145700931549072
        0.07268555462360382080
        0.07263324409723281860
        0.07219038903713226318
        0.07136480510234832764
        0.07016618549823760986
        0.06860605627298355103
        0.06669764965772628784
        0.06445584446191787720
        0.06189705058932304382
        0.05903912335634231567
        0.05590122938156127930
        0.05250374972820281982
        0.04886813834309577942
        0.04501683264970779419
        0.04097308218479156494
        0.03676085174083709717
        0.03240467607975006104
        0.02792952582240104675
        0.02336067706346511841
        0.01872357167303562164
        0.01404369156807661057
        0.00934642087668180466
        0.00465692067518830299
        0.00000000000000315403
        0.00460000894963741302
        0.00911936908960342407
        0.01353505253791809082
        0.01782485470175743103
        0.02196749672293663025
        0.02594271861016750336
        0.02973138913512229919
        0.03331556543707847595
        0.03667860478162765503
        0.03980519622564315796
        0.04268146678805351257
        0.04529500007629394531
        0.04763490334153175354
        0.04969185218214988708
        0.05145809426903724670
        0.05292751267552375793
        0.05409559607505798340
        0.05495946481823921204
        0.05551788210868835449
        0.05577122792601585388
        0.05572145804762840271
        0.05537213012576103210
        0.05472831055521965027
        0.05379657819867134094
        0.05258493497967720032
        0.05110278725624084473
        0.04936085268855094910
        0.04737111553549766541
        0.04514672234654426575
        0.04270192608237266541
        0.04005199298262596130
        0.03721311315894126892
        0.03420231118798255920
        0.03103732876479625702
        0.02773656323552131653
        0.02431892603635787964
        0.02080377005040645599
        0.01721076294779777527
        0.01355979684740304947
        0.00987087376415729523
        0.00616400269791483879
        0.00245909765362739563
        0.00122412689961493015
        0.00486625684425234795
        0.00844827573746442795
        0.01195166260004043579
        0.01535847876220941544
        0.01865146309137344360
        0.02181410603225231171
        0.02483074367046356201
        0.02768661268055438995
        0.03036794066429138184
        0.03286198526620864868
        0.03515711054205894470
        0.03724283352494239807
        0.03910986706614494324
        0.04075014963746070862
        0.04215689375996589661
        0.04332460090517997742
        0.04424907267093658447
        0.04492744058370590210
        0.04535815119743347168
        0.04554096609354019165
        0.04547697305679321289
        0.04516853764653205872
        0.04461930319666862488
        0.04383414983749389648
        0.04281917586922645569
        0.04158162698149681091
        0.04012987762689590454
        0.03847336396574974060
        0.03662252798676490784
        0.03458875790238380432
        0.03238432109355926514
        0.03002228960394859314
        0.02751646563410758972
        0.02488131448626518250
        0.02213186956942081451
        0.01928365230560302734
        0.01635259762406349182
        0.01335495896637439728
        0.01030721794813871384
        0.00722600519657135010
        0.00412800628691911697
        0.00102987594436854124
        0.00205184891819953918
        0.00510083604604005814
        0.00810104142874479294
        0.01103678904473781586
        0.01389285456389188766
        0.01665454171597957611
        0.01930774748325347900
        0.02183904498815536499
        0.02423573844134807587
        0.02648593299090862274
        0.02857858501374721527
        0.03050355613231658936
        0.03225166350603103638
        0.03381472453474998474
        0.03518557921051979065
        0.03635813668370246887
        0.03732739016413688660
        0.03808945044875144958
        0.03864153474569320679
        0.03898200020194053650
        0.03911032527685165405
        0.03902712836861610413
        0.03873413428664207458
        0.03823416680097579956
        0.03753113746643066406
        0.03663000091910362244
        0.03553673252463340759
        0.03425830230116844177
        0.03280260413885116577
        0.03117843344807624817
        0.02939543500542640686
        0.02746402472257614136
        0.02539535984396934509
        0.02320125699043273926
        0.02089413069188594818
        0.01848693192005157471
        0.01599306799471378326
        0.01342632994055747986
        0.01080082915723323822
        0.00813090708106756210
        0.00543106952682137489
        0.00271590286865830421
        0.00000000000001460071
        0.00270211650058627129
        0.00537607166916131973
        0.00800770986825227737
        0.01058317441493272781
        0.01308897323906421661
        0.01551204733550548553
        0.01783984526991844177
        0.02006037347018718719
        0.02216227166354656219
        0.02413485944271087646
        0.02596819214522838593
        0.02765311300754547119
        0.02918129041790962219
        0.03054526261985301971
        0.03173847869038581848
        0.03275531157851219177
        0.03359110653400421143
        0.03424218669533729553
        0.03470586612820625305
        0.03498046472668647766
        0.03506532683968544006
        0.03496078774333000183
        0.03466819971799850464
        0.03418990224599838257
        0.03352920711040496826
        0.03269038721919059753
        0.03167864680290222168
        0.03050007857382297516
        0.02916164137423038483
        0.02767111547291278839
        0.02603705599904060364
        0.02426875568926334381
        0.02237617783248424530
        0.02036990597844123840
        0.01826109737157821655
        0.01606140471994876862
        0.01378292869776487350
        0.01143813971430063248
        0.00903982017189264297
        0.00660099042579531670
        0.00413484126329421997
        0.00165466463658958673
        0.00082621781621128321
        0.00329452496953308582
        0.00573708582669496536
        0.00814090948551893234
        0.01049325056374073029
        0.01278167963027954102
        0.01499414257705211639
        0.01711902953684329987
        0.01914522983133792877
        0.02106218785047531128
        0.02285996265709400177
        0.02452927641570568085
        0.02606155537068843842
        0.02744898572564125061
        0.02868453599512577057
        0.02976201474666595459
        0.03067607432603836060
        0.03142225369811058044
        0.03199699893593788147
        0.03239768370985984802
        0.03262258693575859070
        0.03267095983028411865
        0.03254297003149986267
        0.03223973512649536133
        0.03176329657435417175
        0.03111661039292812347
        0.03030353412032127380
        0.02932880260050296783
        0.02819799259305000305
        0.02691750600934028625
        0.02549452334642410278
        0.02393697015941143036
        0.02225346304476261139
        0.02045327797532081604
        0.01854629628360271454
        0.01654293946921825409
        0.01445412263274192810
        0.01229119952768087387
        0.01006589457392692566
        0.00779023999348282814
        0.00547651760280132294
        0.00313718966208398342
        0.00078483240213245153
        0.00156792858615517616
        0.00390848703682422638
        0.00622431980445981026
        0.00850305799394845963
        0.01073254458606243134
        0.01290090754628181458
        0.01499661151319742203
        0.01700852997601032257
        0.01892598904669284821
        0.02073884196579456329
        0.02243750542402267456
        0.02401301078498363495
        0.02545706741511821747
        0.02676208689808845520
        0.02792122773826122284
        0.02892843633890151978
        0.02977847307920455933
        0.03046693839132785797
        0.03099029697477817535
        0.03134590014815330505
        0.03153197839856147766
        0.03154769539833068848
        0.03139310330152511597
        0.03106915205717086792
        0.03057770803570747375
        0.02992152422666549683
        0.02910422533750534058
        0.02813029475510120392
        0.02700504474341869354
        0.02573459222912788391
        0.02432582154870033264
        0.02278634905815124512
        0.02112448774278163910
        0.01934919506311416626
        0.01747003011405467987
        0.01549710333347320557
        0.01344101876020431519
        0.01131282187998294830
        0.00912393908947706223
        0.00688611809164285660
        0.00461136456578969955
        0.00231188116595149040
