        0.00000000000000000000
      -31.35783004760742187500
      -50.47406387329101562500
      -60.96162033081054687500
      -67.13163757324218750000
      -71.07087707519531250000
      -73.75270843505859375000
      -75.66754913330078125000
      -77.08378601074218750000
      -78.15899658203125000000
      -78.99127960205078125000
      -79.64463043212890625000
      -80.16254425048828125000
      -80.57551574707031250000
      -80.90558624267578125000
      -81.16902160644531250000
      -81.37813568115234375000
      -81.54237365722656250000
      -81.66912841796875000000
      -81.76425170898437500000
      -81.83245086669921875000
      -81.87754058837890625000
      -81.90264892578125000000
      -81.91037750244140625000
      -81.90288543701171875000
      -81.88199615478515625000
      -81.84925079345703125000
      -81.80597686767578125000
      -81.75331115722656250000
      -81.69220733642578125000
      -81.62353515625000000000
      -81.54801940917968750000
      -81.46631622314453125000
      -81.37899017333984375000
      -81.28653717041015625000
      -81.18939208984375000000
      -81.08797454833984375000
      -80.98259735107421875000
      -80.87360382080078125000
      -80.76124572753906250000
      -80.64579772949218750000
      -80.52745819091796875000
      -80.40644073486328125000
      -80.28293609619140625000
      -80.15708923339843750000
      -80.02906036376953125000
      -79.89898681640625000000
      -79.76699066162109375000
      -79.63317108154296875000
      -79.49765014648437500000
      -79.36051177978515625000
      -79.22184753417968750000
      -79.08173370361328125000
      -78.94025421142578125000
      -78.79747009277343750000
      -78.65345764160156250000
      -78.50826263427734375000
      -78.36196899414062500000
      -78.21460723876953125000
      -78.06625366210937500000
      -77.91693878173828125000
      -77.76671600341796875000
      -77.61563873291015625000
      -77.46373748779296875000
      -77.31107330322265625000
      -77.15766906738281250000
      -77.00358581542968750000
      -76.84883880615234375000
      -76.69347381591796875000
      -76.53752136230468750000
      -76.38102722167968750000
      -76.22400665283203125000
      -76.06649017333984375000
      -75.90850830078125000000
      -75.75008392333984375000
      -75.59125518798828125000
      -75.43201446533203125000
      -75.27241516113281250000
      -75.11244964599609375000
      -74.95214080810546875000
      -74.79150390625000000000
      -74.63054656982421875000
      -74.46929931640625000000
      -74.30774688720703125000
      -74.14590454101562500000
      -73.98378753662109375000
      -73.82138824462890625000
      -73.65872192382812500000
      -73.49578857421875000000
      -73.33258056640625000000
      -73.16912078857421875000
      -73.00538635253906250000
      -72.84139251708984375000
      -72.67713928222656250000
      -72.51263427734375000000
      -72.34786224365234375000
      -72.18283843994140625000
      -72.01755523681640625000
      -71.85202789306640625000
      -71.68625640869140625000
      -71.52023315429687500000
      -71.35398101806640625000
      -71.18749237060546875000
      -71.02077484130859375000
      -70.85384368896484375000
      -70.68670654296875000000
      -70.51936340332031250000
      -70.35182189941406250000
      -70.18411254882812500000
      -70.01622772216796875000
      -69.84817504882812500000
      -69.67997741699218750000
      -69.51165008544921875000
      -69.34318542480468750000
      -69.17460632324218750000
      -69.00591278076171875000
      -68.83713531494140625000
      -68.66826629638671875000
      -68.49931335449218750000
      -68.33028411865234375000
      -68.16120147705078125000
      -67.99205017089843750000
      -67.82284545898437500000
      -67.65359497070312500000
      -67.48429107666015625000
      -67.31494140625000000000
      -67.14553833007812500000
      -66.97609710693359375000
      -66.80659484863281250000
      -66.63704681396484375000
      -66.46743774414062500000
      -66.29776763916015625000
      -66.12803649902343750000
      -65.95823669433593750000
      -65.78836822509765625000
      -65.61840057373046875000
      -65.44835662841796875000
      -65.27822113037109375000
      -65.10799407958984375000
      -64.93766784667968750000
      -64.76722717285156250000
      -64.59667968750000000000
      -64.42602539062500000000
      -64.25526428222656250000
      -64.08437347412109375000
      -63.91338348388671875000
      -63.74227905273437500000
      -63.57105255126953125000
      -63.39973831176757812500
      -63.22830581665039062500
      -63.05678176879882812500
      -62.88516616821289062500
      -62.71345520019531250000
      -62.54167556762695312500
      -62.36981964111328125000
      -62.19789886474609375000
      -62.02592086791992187500
      -61.85390472412109375000
      -61.68183517456054687500
      -61.50973510742187500000
      -61.33762359619140625000
      -61.16548919677734375000
      -60.99333953857421875000
      -60.82118606567382812500
      -60.64903640747070312500
      -60.47689056396484375000
      -60.30475616455078125000
      -60.13262557983398437500
      -59.96051406860351562500
      -59.78840637207031250000
      -59.61631393432617187500
      -59.44422531127929687500
      -59.27214431762695312500
      -59.10006713867187500000
      -58.92799377441406250000
      -58.75590133666992187500
      -58.58380508422851562500
      -58.41168594360351562500
      -58.23953628540039062500
      -58.06736373901367187500
      -57.89514541625976562500
      -57.72288131713867187500
      -57.55057525634765625000
      -57.37820434570312500000
      -57.20576858520507812500
      -57.03326416015625000000
      -56.86069488525390625000
      -56.68804550170898437500
      -56.51531982421875000000
      -56.34252166748046875000
      -56.16963577270507812500
      -55.99667739868164062500
      -55.82363891601562500000
      -55.65053176879882812500
      -55.47735214233398437500
      -55.30410766601562500000
      -55.13080978393554687500
      -54.95744705200195312500
      -54.78403854370117187500
      -54.61059188842773437500
      -54.43711471557617187500
      -54.26361083984375000000
      -54.09008789062500000000
      -53.91655349731445312500
      -53.74301528930664062500
      -53.56948089599609375000
      -53.39595794677734375000
      -53.22245025634765625000
      -53.04896163940429687500
      -52.87549972534179687500
      -52.70206451416015625000
      -52.52865982055664062500
      -52.35528945922851562500
      -52.18194580078125000000
      -52.00863647460937500000
      -51.83535003662109375000
      -51.66210174560546875000
      -51.48886489868164062500
      -51.31565093994140625000
      -51.14245223999023437500
      -50.96926116943359375000
      -50.79606628417968750000
      -50.62286758422851562500
      -50.44966125488281250000
      -50.27642822265625000000
      -50.10317611694335937500
      -49.92988967895507812500
      -49.75655746459960937500
      -49.58318710327148437500
      -49.40976333618164062500
      -49.23628234863281250000
      -49.06274414062500000000
      -48.88914108276367187500
      -48.71547317504882812500
      -48.54174804687500000000
      -48.36795043945312500000
      -48.19409179687500000000
      -48.02016830444335937500
      -47.84618759155273437500
      -47.67214584350585937500
      -47.49805831909179687500
      -47.32392120361328125000
      -47.14974212646484375000
      -46.97554016113281250000
      -46.80130767822265625000
      -46.62705230712890625000
      -46.45278549194335937500
      -46.27852249145507812500
      -46.10425186157226562500
      -45.93000030517578125000
      -45.75576019287109375000
      -45.58154296875000000000
      -45.40735244750976562500
      -45.23319625854492187500
      -45.05907821655273437500
      -44.88499069213867187500
      -44.71094894409179687500
      -44.53694534301757812500
      -44.36297988891601562500
      -44.18905639648437500000
      -44.01517105102539062500
      -43.84131622314453125000
      -43.66748809814453125000
      -43.49368286132812500000
      -43.31990051269531250000
      -43.14612579345703125000
      -42.97236251831054687500
      -42.79859161376953125000
      -42.62481307983398437500
      -42.45102310180664062500
      -42.27721405029296875000
      -42.10336685180664062500
      -41.92948532104492187500
      -41.75556564331054687500
      -41.58160018920898437500
      -41.40757751464843750000
      -41.23350906372070312500
      -41.05937576293945312500
      -40.88518524169921875000
      -40.71093750000000000000
      -40.53663253784179687500
      -40.36227035522460937500
      -40.18784332275390625000
      -40.01337051391601562500
      -39.83885192871093750000
      -39.66428756713867187500
      -39.48968124389648437500
      -39.31505203247070312500
      -39.14039611816406250000
      -38.96572113037109375000
      -38.79103469848632812500
      -38.61635208129882812500
      -38.44166946411132812500
      -38.26699829101562500000
      -38.09234237670898437500
      -37.91770935058593750000
      -37.74311065673828125000
      -37.56855010986328125000
      -37.39402008056640625000
      -37.21953201293945312500
      -37.04508972167968750000
      -36.87069320678710937500
      -36.69633865356445312500
      -36.52202987670898437500
      -36.34776306152343750000
      -36.17353439331054687500
      -35.99934387207031250000
      -35.82517242431640625000
      -35.65104293823242187500
      -35.47692108154296875000
      -35.30281448364257812500
      -35.12871551513671875000
      -34.95461654663085937500
      -34.78050994873046875000
      -34.60638427734375000000
      -34.43223953247070312500
      -34.25806045532226562500
      -34.08385467529296875000
      -33.90959930419921875000
      -33.73530578613281250000
      -33.56095886230468750000
      -33.38656234741210937500
      -33.21211242675781250000
      -33.03760528564453125000
      -32.86303710937500000000
      -32.68841552734375000000
      -32.51374435424804687500
      -32.33901977539062500000
      -32.16424560546875000000
      -31.98943519592285156250
      -31.81458282470703125000
      -31.63969802856445312500
      -31.46478843688964843750
      -31.28986358642578125000
      -31.11492538452148437500
      -30.93998336791992187500
      -30.76504516601562500000
      -30.59011459350585937500
      -30.41520690917968750000
      -30.24031639099121093750
      -30.06546401977539062500
      -29.89063835144042968750
      -29.71584892272949218750
      -29.54110908508300781250
      -29.36641311645507812500
      -29.19176292419433593750
      -29.01715850830078125000
      -28.84260749816894531250
      -28.66809463500976562500
      -28.49362754821777343750
      -28.31919670104980468750
      -28.14480590820312500000
      -27.97044181823730468750
      -27.79610633850097656250
      -27.62178421020507812500
      -27.44747924804687500000
      -27.27318000793457031250
      -27.09887123107910156250
      -26.92455673217773437500
      -26.75022697448730468750
      -26.57587432861328125000
      -26.40149116516113281250
      -26.22706985473632812500
      -26.05261039733886718750
      -25.87810134887695312500
      -25.70354652404785156250
      -25.52894401550292968750
      -25.35428237915039062500
      -25.17956733703613281250
      -25.00479888916015625000
      -24.82997894287109375000
      -24.65510749816894531250
      -24.48018646240234375000
      -24.30522537231445312500
      -24.13022422790527343750
      -23.95519065856933593750
      -23.78012657165527343750
      -23.60504913330078125000
      -23.42995452880859375000
      -23.25485420227050781250
      -23.07975769042968750000
      -22.90466690063476562500
      -22.72959518432617187500
      -22.55454254150390625000
      -22.37951660156250000000
      -22.20452308654785156250
      -22.02957153320312500000
      -21.85466003417968750000
      -21.67979812622070312500
      -21.50497817993164062500
      -21.33020973205566406250
      -21.15549087524414062500
      -20.98081779479980468750
      -20.80618858337402343750
      -20.63160705566406250000
      -20.45706367492675781250
      -20.28255271911621093750
      -20.10807228088378906250
      -19.93361663818359375000
      -19.75917243957519531250
      -19.58474349975585937500
      -19.41031646728515625000
      -19.23588371276855468750
      -19.06143951416015625000
      -18.88697814941406250000
      -18.71249198913574218750
      -18.53796958923339843750
      -18.36341857910156250000
      -18.18881797790527343750
      -18.01417732238769531250
      -17.83948516845703125000
      -17.66473960876464843750
      -17.48994255065917968750
      -17.31509399414062500000
      -17.14019203186035156250
      -16.96524047851562500000
      -16.79023742675781250000
      -16.61519432067871093750
      -16.44010925292968750000
      -16.26498985290527343750
      -16.08984375000000000000
      -15.91466903686523437500
      -15.73948383331298828125
      -15.56428909301757812500
      -15.38909339904785156250
      -15.21390438079833984375
      -15.03872489929199218750
      -14.86356830596923828125
      -14.68843555450439453125
      -14.51333522796630859375
      -14.33827209472656250000
      -14.16325187683105468750
      -13.98827648162841796875
      -13.81334781646728515625
      -13.63846778869628906250
      -13.46363830566406250000
      -13.28885841369628906250
      -13.11412429809570312500
      -12.93943977355957031250
      -12.76479434967041015625
      -12.59018898010253906250
      -12.41561794281005859375
      -12.24106979370117187500
      -12.06654644012451171875
      -11.89203643798828125000
      -11.71753406524658203125
      -11.54303169250488281250
      -11.36852264404296875000
      -11.19400119781494140625
      -11.01945781707763671875
      -10.84488773345947265625
      -10.67028427124023437500
      -10.49564170837402343750
      -10.32095718383789062500
      -10.14622688293457031250
       -9.97144508361816406250
       -9.79661273956298828125
       -9.62172985076904296875
       -9.44679355621337890625
       -9.27180671691894531250
       -9.09677028656005859375
       -8.92168903350830078125
       -8.74656772613525390625
       -8.57140922546386718750
       -8.39621829986572265625
       -8.22100448608398437500
       -8.04577064514160156250
       -7.87052536010742187500
       -7.69527769088745117188
       -7.52003097534179687500
       -7.34479570388793945312
       -7.16957664489746093750
       -6.99438142776489257812
       -6.81921720504760742188
       -6.64408683776855468750
       -6.46899795532226562500
       -6.29395198822021484375
       -6.11895418167114257812
       -5.94400453567504882812
       -5.76910591125488281250
       -5.59425830841064453125
       -5.41945981979370117188
       -5.24470996856689453125
       -5.07000398635864257812
       -4.89533948898315429688
       -4.72071170806884765625
       -4.54611539840698242188
       -4.37154436111450195312
       -4.19699239730834960938
       -4.02245235443115234375
       -3.84791707992553710938
       -3.67337918281555175781
       -3.49883246421813964844
       -3.32426953315734863281
       -3.14968276023864746094
       -2.97506785392761230469
       -2.80041694641113281250
       -2.62572669982910156250
       -2.45099234580993652344
       -2.27621078491210937500
       -2.10137939453125000000
       -1.92649698257446289062
       -1.75156319141387939453
       -1.57657873630523681641
       -1.40154528617858886719
       -1.22646546363830566406
       -1.05134272575378417969
       -0.87618148326873779297
       -0.70098698139190673828
       -0.52576500177383422852
       -0.35052189230918884277
       -0.17526456713676452637
