        0.00000000000000000000
      -85.51766204833984375000
       71.32282257080078125000
      -76.55519104003906250000
       93.34876251220703125000
      -67.59951019287109375000
      107.16374969482421875000
      -58.65584564208984375000
      118.64496612548828125000
      -49.73060607910156250000
      129.16033935546875000000
      -40.83211898803710937500
      139.18591308593750000000
      -31.97171020507812500000
      148.92962646484375000000
      -23.16538810729980468750
      158.49647521972656250000
      -14.43655872344970703125
      167.94508361816406250000
       -5.82069730758666992188
      177.31077575683593750000
        2.62642979621887207031
     -173.38401794433593750000
       10.81332206726074218750
     -164.12438964843750000000
       18.58209419250488281250
     -154.90008544921875000000
       25.64324760437011718750
     -145.70397949218750000000
       31.42564773559570312500
     -136.53096008300781250000
       34.70639038085937500000
     -127.37750244140625000000
       32.71957397460937500000
     -118.24114227294921875000
       20.32353782653808593750
     -109.12044525146484375000
       -1.16279530525207519531
     -100.01473236083984375000
      -13.33314418792724609375
      -90.92420196533203125000
      -10.68747138977050781250
      -81.84988403320312500000
        2.94296383857727050781
      -72.79383850097656250000
       25.76844215393066406250
      -63.75943756103515625000
       54.61668777465820312500
      -54.75173950195312500000
       82.45658111572265625000
      -45.77819442749023437500
      105.01826477050781250000
      -36.84967041015625000000
      122.87987518310546875000
      -27.98213005065917968750
      137.70576477050781250000
      -19.19934082031250000000
      150.68630981445312500000
      -10.53753662109375000000
      162.52505493164062500000
       -2.05356574058532714844
      173.63043212890625000000
        6.15993309020996093750
     -175.75375366210937500000
       13.94468879699707031250
     -165.47644042968750000000
       21.01369857788085937500
     -155.44035339355468750000
       26.80633926391601562500
     -145.58068847656250000000
       30.12637519836425781250
     -135.85298156738281250000
       28.21870040893554687500
     -126.22586059570312500000
       15.43971157073974609375
     -116.67681121826171875000
       -8.89183902740478515625
     -107.18933105468750000000
      -25.42611694335937500000
      -97.75128173828125000000
      -27.80999755859375000000
      -88.35372924804687500000
      -21.71921920776367187500
      -78.99024963378906250000
      -10.22870349884033203125
      -69.65654754638671875000
        5.88380861282348632812
      -60.35024261474609375000
       26.63131904602050781250
      -51.07097625732421875000
       51.28326797485351562500
      -41.82069778442382812500
       77.12086486816406250000
      -32.60436248779296875000
      100.84516906738281250000
      -23.43115997314453125000
      121.09110260009765625000
      -14.31667232513427734375
      138.24739074707031250000
       -5.28677940368652343750
      153.15989685058593750000
        3.61517143249511718750
      166.53710937500000000000
       12.31432151794433593750
      178.86801147460937500000
       20.67475509643554687500
     -169.52571105957031250000
       28.43106079101562500000
     -158.43235778808593750000
       35.00822448730468750000
     -147.71009826660156250000
       38.95895004272460937500
     -137.26159667968750000000
       35.80336380004882812500
     -127.01839447021484375000
       10.76767444610595703125
     -116.93120574951171875000
      -31.17872238159179687500
     -106.96362304687500000000
      -44.05461502075195312500
      -97.08821868896484375000
      -41.66711425781250000000
      -87.28385162353515625000
      -33.52130889892578125000
      -77.53389739990234375000
      -22.13684082031250000000
      -67.82505798339843750000
       -8.07070827484130859375
      -58.14646911621093750000
        8.82032680511474609375
      -48.48917770385742187500
       28.84842300415039062500
      -38.84573364257812500000
       51.82853317260742187500
      -29.21002006530761718750
       76.33908081054687500000
      -19.57727622985839843750
      100.06012725830078125000
       -9.94434738159179687500
      121.33335876464843750000
       -0.31043276190757751465
      139.85308837890625000000
        9.32134437561035156250
      156.07356262207031250000
       18.94057846069335937500
      170.58363342285156250000
       28.52209281921386718750
     -176.13224792480468750000
       38.00766372680664062500
     -163.72418212890625000000
       47.25453948974609375000
     -151.94860839843750000000
       55.85455703735351562500
     -140.63629150390625000000
       62.19253540039062500000
     -129.66818237304687500000
       50.80279922485351562500
     -118.95880126953125000000
      -63.95107650756835937500
     -108.44544219970703125000
      -66.01692199707031250000
      -98.08090209960937500000
      -57.57220840454101562500
      -87.82875823974609375000
      -46.71154785156250000000
      -77.66003417968750000000
      -34.41992950439453125000
      -67.55094146728515625000
      -20.76506233215332031250
      -57.48116683959960937500
       -5.50827407836914062500
      -47.43257904052734375000
       11.75012302398681640625
      -37.38810348510742187500
       31.41171646118164062500
      -27.33070945739746093750
       53.51477813720703125000
      -17.24223899841308593750
       77.21897125244140625000
       -7.10197305679321289062
      100.80623626708984375000
        3.11545276641845703125
      122.65647888183593750000
       13.44340515136718750000
      142.10420227050781250000
       23.92924499511718750000
      159.30020141601562500000
       34.64603424072265625000
      174.69995117187500000000
       45.71817779541015625000
     -171.24348449707031250000
       57.38579940795898437500
     -158.17172241210937500000
       70.20029449462890625000
     -145.82226562500000000000
       85.81803894042968750000
     -134.00686645507812500000
      112.34260559082031250000
     -122.59022521972656250000
     -156.05017089843750000000
     -111.47363281250000000000
      -98.84799194335937500000
     -100.58361053466796875000
      -77.86023712158203125000
      -89.86406707763671875000
      -62.25812149047851562500
      -79.27098083496093750000
      -47.89789199829101562500
      -68.76852416992187500000
      -33.58770751953125000000
      -58.32641601562500000000
      -18.71512985229492187500
      -47.91773605346679687500
       -2.79038643836975097656
      -37.51716232299804687500
       14.67050266265869140625
      -27.09933662414550781250
       34.10653686523437500000
      -16.63703536987304687500
       55.67964935302734375000
       -6.09887456893920898438
       78.87651062011718750000
        4.55386638641357421875
      102.36805725097656250000
       15.37229061126708984375
      124.63187408447265625000
       26.42844772338867187500
      144.79595947265625000000
       37.83105850219726562500
      162.77983093261718750000
       49.75703048706054687500
      178.91635131835937500000
       62.52067184448242187500
     -166.37890625000000000000
       76.74517822265625000000
     -152.74633789062500000000
       93.85231781005859375000
     -139.90997314453125000000
      117.66874694824218750000
     -127.66641998291015625000
      158.47711181640625000000
     -115.86694335937500000000
     -144.15042114257812500000
     -104.40168762207031250000
     -105.31222534179687500000
      -93.18804931640625000000
      -81.60649108886718750000
      -82.16237640380859375000
      -63.47759628295898437500
      -71.27408599853515625000
      -47.40378952026367187500
      -60.48148727416992187500
      -31.94993019104003906250
      -49.74860382080078125000
      -16.33839607238769531250
      -39.04273605346679687500
        0.00000000000000000000
      -28.33225059509277343750
       17.57832908630371093750
      -17.58440589904785156250
       36.85699844360351562500
       -6.76289463043212890625
       58.08182144165039062500
        4.17541551589965820312
       80.95459747314453125000
       15.28517341613769531250
      104.41777801513671875000
       26.63998222351074218750
      127.04396057128906250000
       38.34503936767578125000
      147.82298278808593750000
       50.55995178222656250000
      166.48825073242187500000
       63.54302978515625000000
     -176.73631286621093750000
       77.74311065673828125000
     -161.47099304199218750000
       94.00335693359375000000
     -147.35603332519531250000
      114.02265167236328125000
     -134.10336303710937500000
      141.15931701660156250000
     -121.49581146240234375000
      179.13209533691406250000
     -109.37237548828125000000
     -138.92990112304687500000
      -97.61317443847656250000
     -106.16645812988281250000
      -86.12747955322265625000
      -82.28401947021484375000
      -74.84499359130859375000
      -63.07603454589843750000
      -63.70946884155273437500
      -46.04328155517578125000
      -52.67418289184570312500
      -29.87507438659667968750
      -41.69843673706054687500
      -13.78131198883056640625
      -30.74473953247070312500
        2.82613658905029296875
      -19.77630615234375000000
       20.46985435485839843750
       -8.75453758239746093750
       39.62699890136718750000
        2.36397051811218261719
       60.60988616943359375000
       13.63128662109375000000
       83.28051757812500000000
       25.11378669738769531250
      106.78600311279296875000
       36.90092468261718750000
      129.77734375000000000000
       49.11979675292968750000
      151.13308715820312500000
       61.96051025390625000000
      170.42437744140625000000
       75.72254943847656250000
     -172.22291564941406250000
       90.90233612060546875000
     -156.45991516113281250000
      108.35693359375000000000
     -141.92408752441406250000
      129.55952453613281250000
     -128.31401062011718750000
      156.61177062988281250000
     -115.39826965332031250000
     -169.79911804199218750000
     -103.00379943847656250000
     -134.82662963867187500000
      -91.00109863281250000000
     -105.17668914794921875000
      -79.29190826416015625000
      -81.54186248779296875000
      -67.79991149902343750000
      -61.80477905273437500000
      -56.46393203735351562500
      -44.18215942382812500000
      -45.23300170898437500000
      -27.53815269470214843750
      -34.06251907348632812500
      -11.11634254455566406250
      -22.91124343872070312500
        5.66804647445678710938
      -11.73848152160644531250
       23.34045410156250000000
       -0.50133645534515380859
       42.39461135864257812500
       10.84854793548583984375
       63.20234680175781250000
       22.36918830871582031250
       85.75870513916015625000
       34.13426971435546875000
      109.37754058837890625000
       46.24229049682617187500
      132.77023315429687500000
       58.83123779296875000000
      154.70761108398437500000
       72.10296630859375000000
      174.60575866699218750000
       86.36484527587890625000
     -167.50033569335937500000
      102.09983825683593750000
     -151.28565979003906250000
      120.07299804687500000000
     -136.37934875488281250000
      141.42065429687500000000
     -122.46309661865234375000
      167.36961364746093750000
     -109.28952789306640625000
     -162.29949951171875000000
      -96.67280578613281250000
     -131.13862609863281250000
      -84.47375488281250000000
     -103.38216400146484375000
      -72.58684539794921875000
      -80.04423522949218750000
      -60.93024826049804687500
      -60.01930236816406250000
      -49.43843078613281250000
      -42.00760269165039062500
      -38.05682373046875000000
      -25.03292083740234375000
      -26.73775100708007812500
       -8.38408279418945312500
      -15.43708419799804687500
        8.51269245147705078125
       -4.11135625839233398438
       26.18430519104003906250
        7.28521251678466796875
       45.14298248291015625000
       18.80405807495117187500
       65.81906890869140625000
       30.50658416748046875000
       88.32949066162109375000
       42.47012710571289062500
      112.13594055175781250000
       54.79686737060546875000
      135.99392700195312500000
       67.62752532958984375000
      158.55364990234375000000
       81.16314697265625000000
      179.06883239746093750000
       95.69965362548828125000
     -162.51319885253906250000
      111.67963409423828125000
     -145.88180541992187500000
      129.75415039062500000000
     -130.64906311035156250000
      150.78453063964843750000
     -116.47409057617187500000
      175.52029418945312500000
     -103.09051513671875000000
     -156.45288085937500000000
      -90.29834747314453125000
     -127.66987609863281250000
      -77.94836425781250000000
     -101.17916870117187500000
      -65.92785644531250000000
      -78.10531616210937500000
      -54.14981842041015625000
      -57.90792465209960937500
      -42.54486083984375000000
      -39.62493133544921875000
      -31.05544471740722656250
      -22.41426086425781250000
      -19.63145446777343750000
       -5.60974597930908203125
       -8.22671222686767578125
       11.34987545013427734375
        3.20409822463989257812
       28.99387741088867187500
       14.70845985412597656250
       47.85613632202148437500
       26.33940887451171875000
       68.42861175537109375000
       38.15975189208984375000
       90.95040130615234375000
       50.24783325195312500000
      115.02701568603515625000
       62.70581054687500000000
      139.44433593750000000000
       75.67208862304687500000
      162.70355224609375000000
       89.34002685546875000000
     -176.12704467773437500000
      103.98587799072265625000
     -157.18774414062500000000
      120.00621032714843750000
     -140.16886901855468750000
      137.95184326171875000000
     -124.65233612060546875000
      158.49389648437500000000
     -110.26641082763671875000
     -177.86177062988281250000
      -96.72135162353515625000
     -151.51130676269531250000
      -83.80113983154296875000
     -124.34642791748046875000
      -71.34587097167968750000
      -98.75228118896484375000
      -59.23572158813476562500
      -75.89247131347656250000
      -47.37882232666015625000
      -55.57935333251953125000
      -35.70244216918945312500
      -37.09777450561523437500
      -24.14661216735839843750
      -19.71666526794433593750
      -12.65943431854248046875
       -2.81063365936279296875
       -1.19337487220764160156
       14.17011451721191406250
       10.29792881011962890625
       31.75921630859375000000
       21.86272430419921875000
       50.51621246337890625000
       33.55448913574218750000
       71.00130462646484375000
       45.43603134155273437500
       93.58603668212890625000
       57.58486938476562500000
      118.03066253662109375000
       70.10088348388671875000
      143.14088439941406250000
       83.11734008789062500000
      167.22058105468750000000
       96.81693267822265625000
     -170.89089965820312500000
      111.45436859130859375000
     -151.42315673828125000000
      127.38397979736328125000
     -134.04660034179687500000
      145.07827758789062500000
     -118.29348754882812500000
      165.08425903320312500000
     -103.74952697753906250000
     -172.21282958984375000000
      -90.09603118896484375000
     -147.13209533691406250000
      -77.09870910644531250000
     -121.13719940185546875000
      -64.58634948730468750000
      -96.20093536376953125000
      -52.43216705322265625000
      -73.50369262695312500000
      -40.53991317749023437500
      -53.10077667236328125000
      -28.83404159545898437500
      -34.46680450439453125000
      -17.25280761718750000000
      -16.96317100524902343750
       -5.74315309524536132812
