        0.0000000000
       -1.5629501343
        0.0156922713
       -1.5472579002
        0.0313845426
       -1.5315656662
        0.0470768139
       -1.5158734322
        0.0627690852
       -1.5001810789
        0.0784613565
       -1.4844888449
        0.0941536278
       -1.4687966108
        0.1098458990
       -1.4531042576
        0.1255381703
       -1.4374120235
        0.1412304342
       -1.4217197895
        0.1569227129
       -1.4060274363
        0.1726149768
       -1.3903352022
        0.1883072555
       -1.3746429682
        0.2039995193
       -1.3589506149
        0.2196917981
       -1.3432583809
        0.2353840619
       -1.3275661469
        0.2510763407
       -1.3118739128
        0.2667686045
       -1.2961815596
        0.2824608684
       -1.2804893255
        0.2981531620
       -1.2647970915
        0.3138454258
       -1.2491047382
        0.3295376897
       -1.2334125042
        0.3452299535
       -1.2177202702
        0.3609222472
       -1.2020279169
        0.3766145110
       -1.1863356829
        0.3923067749
       -1.1706434488
        0.4079990387
       -1.1549510956
        0.4236913025
       -1.1392588615
        0.4393835962
       -1.1235666275
        0.4550758600
       -1.1078742743
        0.4707681239
       -1.0921820402
        0.4864603877
       -1.0764898062
        0.5021526814
       -1.0607975721
        0.5178449154
       -1.0451052189
        0.5335372090
       -1.0294129848
        0.5492295027
       -1.0137207508
        0.5649217367
       -0.9980284572
        0.5806140304
       -0.9823361635
        0.5963063240
       -0.9666438699
        0.6119985580
       -0.9509516358
        0.6276908517
       -0.9352593422
        0.6433830857
       -0.9195671082
        0.6590753794
       -0.9038748145
        0.6747676730
       -0.8881825209
        0.6904599071
       -0.8724902868
        0.7061522007
       -0.8567979932
        0.7218444943
       -0.8411056995
        0.7375367284
       -0.8254134655
        0.7532290220
       -0.8097211719
        0.7689212561
       -0.7940289378
        0.7846135497
       -0.7783366442
        0.8003058434
       -0.7626443505
        0.8159980774
       -0.7469521165
        0.8316903710
       -0.7312598228
        0.8473826051
       -0.7155675292
        0.8630748987
       -0.6998752952
        0.8787671924
       -0.6841830015
        0.8944594264
       -0.6684907675
        0.9101517200
       -0.6527984738
        0.9258440137
       -0.6371061802
        0.9415362477
       -0.6214139462
        0.9572285414
       -0.6057216525
        0.9729207754
       -0.5900294185
        0.9886130691
       -0.5743371248
        1.0043053627
       -0.5586448312
        1.0199975967
       -0.5429525971
        1.0356898308
       -0.5272603035
        1.0513821840
       -0.5115680099
        1.0670744181
       -0.4958757758
        1.0827666521
       -0.4801834822
        1.0984590054
       -0.4644912183
        1.1141512394
       -0.4487989545
        1.1298434734
       -0.4331066906
        1.1455358267
       -0.4174143970
        1.1612280607
       -0.4017221332
        1.1769202948
       -0.3860298693
        1.1926126480
       -0.3703376055
        1.2083048820
       -0.3546453118
        1.2239971161
       -0.3389530480
        1.2396893501
       -0.3232607841
        1.2553817034
       -0.3075685203
        1.2710739374
       -0.2918762267
        1.2867661715
       -0.2761839628
        1.3024585247
       -0.2604916990
        1.3181507587
       -0.2447994202
        1.3338429928
       -0.2291071564
        1.3495353460
       -0.2134148926
        1.3652275801
       -0.1977226138
        1.3809198141
       -0.1820303500
        1.3966121674
       -0.1663380712
        1.4123044014
       -0.1506458074
        1.4279966354
       -0.1349535286
        1.4436889887
       -0.1192612574
        1.4593812227
       -0.1035689861
        1.4750734568
       -0.0878767148
        1.4907656908
       -0.0721844435
        1.5064580441
       -0.0564921759
        1.5221502781
       -0.0407999046
        1.5378425121
       -0.0251076333
        1.5535348654
       -0.0094153630
        1.5692270994
        0.0062769083
       -1.5566732883
        0.0219691787
       -1.5409810543
        0.0376614518
       -1.5252887011
        0.0533537231
       -1.5095964670
        0.0690459907
       -1.4939042330
        0.0847382620
       -1.4782118797
        0.1004305333
       -1.4625196457
        0.1161228046
       -1.4468274117
        0.1318150759
       -1.4311350584
        0.1475073546
       -1.4154428244
        0.1631996185
       -1.3997505903
        0.1788918823
       -1.3840583563
        0.1945841610
       -1.3683660030
        0.2102764249
       -1.3526737690
        0.2259687036
       -1.3369815350
        0.2416609675
       -1.3212891817
        0.2573532462
       -1.3055969477
        0.2730455101
       -1.2899047136
        0.2887377739
       -1.2742123604
        0.3044300675
       -1.2585201263
        0.3201223314
       -1.2428278923
        0.3358145952
       -1.2271355391
        0.3515068591
       -1.2114433050
        0.3671991527
       -1.1957510710
        0.3828914165
       -1.1800588369
        0.3985836804
       -1.1643664837
        0.4142759442
       -1.1486742496
        0.4299682379
       -1.1329820156
        0.4456605017
       -1.1172896624
        0.4613527656
       -1.1015974283
        0.4770450294
       -1.0859051943
        0.4927373230
       -1.0702128410
        0.5084295869
       -1.0545206070
        0.5241218805
       -1.0388283730
        0.5398141146
       -1.0231360197
        0.5555064082
       -1.0074437857
        0.5711986423
       -0.9917515516
        0.5868909359
       -0.9760592580
        0.6025832295
       -0.9603669643
        0.6182754636
       -0.9446747303
        0.6339677572
       -0.9289824367
        0.6496599913
       -0.9132901430
        0.6653522849
       -0.8975979090
        0.6810445786
       -0.8819056153
        0.6967368126
       -0.8662133813
        0.7124291062
       -0.8505210876
        0.7281213999
       -0.8348287940
        0.7438136339
       -0.8191365600
        0.7595059276
       -0.8034442663
        0.7751981616
       -0.7877520323
        0.7908904552
       -0.7720597386
        0.8065827489
       -0.7563674450
        0.8222749829
       -0.7406752110
        0.8379672766
       -0.7249829173
        0.8536595702
       -0.7092906237
        0.8693518043
       -0.6935983896
        0.8850440979
       -0.6779060960
        0.9007363319
       -0.6622138619
        0.9164286256
       -0.6465215683
        0.9321209192
       -0.6308292747
        0.9478131533
       -0.6151370406
        0.9635054469
       -0.5994447470
        0.9791976810
       -0.5837524533
        0.9948899746
       -0.5680602193
        1.0105822086
       -0.5523679256
        1.0262745619
       -0.5366756916
        1.0419667959
       -0.5209833980
        1.0576590300
       -0.5052911043
        1.0733513832
       -0.4895988405
        1.0890436172
       -0.4739065766
        1.1047358513
       -0.4582143128
        1.1204282045
       -0.4425220490
        1.1361204386
       -0.4268297851
        1.1518126726
       -0.4111374915
        1.1675049067
       -0.3954452276
        1.1831972599
       -0.3797529638
        1.1988894939
       -0.3640606999
        1.2145817280
       -0.3483684063
        1.2302740812
       -0.3326761425
        1.2459663153
       -0.3169838786
        1.2616585493
       -0.3012916148
        1.2773509026
       -0.2855993211
        1.2930431366
       -0.2699070573
        1.3087353706
       -0.2542147934
        1.3244277239
       -0.2385225147
        1.3401199579
       -0.2228302509
        1.3558121920
       -0.2071379721
        1.3715044260
       -0.1914457083
        1.3871967793
       -0.1757534295
        1.4028890133
       -0.1600611657
        1.4185812473
       -0.1443688869
        1.4342736006
       -0.1286766231
        1.4499658346
       -0.1129843518
        1.4656580687
       -0.0972920805
        1.4813504219
       -0.0815998092
        1.4970426559
       -0.0659075379
        1.5127348900
       -0.0502152666
        1.5284272432
       -0.0345229954
        1.5441194773
       -0.0188307259
        1.5598117113
       -0.0031384542
       -1.5660886765
        0.0125538167
       -1.5503963232
        0.0282460880
       -1.5347040892
        0.0439383574
       -1.5190118551
        0.0596306287
       -1.5033196211
        0.0753229037
       -1.4876272678
        0.0910151750
       -1.4719350338
        0.1067074463
       -1.4562427998
        0.1223997101
       -1.4405504465
        0.1380919814
       -1.4248582125
        0.1537842602
       -1.4091659784
        0.1694765240
       -1.3934736252
        0.1851688027
       -1.3777813911
        0.2008610666
       -1.3620891571
        0.2165533453
       -1.3463968039
        0.2322456092
       -1.3307045698
        0.2479378879
       -1.3150123358
        0.2636301517
       -1.2993199825
        0.2793224156
       -1.2836277485
        0.2950147092
       -1.2679355145
        0.3107069731
       -1.2522432804
        0.3263992369
       -1.2365509272
        0.3420915008
       -1.2208586931
        0.3577837646
       -1.2051664591
        0.3734760582
       -1.1894741058
        0.3891683221
       -1.1737818718
        0.4048605859
       -1.1580896378
        0.4205528498
       -1.1423972845
        0.4362451434
       -1.1267050505
        0.4519374073
       -1.1110128164
        0.4676296711
       -1.0953204632
        0.4833219349
       -1.0796282291
        0.4990142286
       -1.0639359951
        0.5147064924
       -1.0482437611
        0.5303987861
       -1.0325514078
        0.5460910201
       -1.0168591738
        0.5617833138
       -1.0011669397
        0.5774755478
       -0.9854746461
        0.5931678414
       -0.9697823524
        0.6088601351
       -0.9540900588
        0.6245523691
       -0.9383978248
        0.6402446628
       -0.9227055311
        0.6559369564
       -0.9070132375
        0.6716291904
       -0.8913210034
        0.6873214841
       -0.8756287098
        0.7030137181
       -0.8599364758
        0.7187060118
       -0.8442441821
        0.7343983054
       -0.8285518885
        0.7500905395
       -0.8128596544
        0.7657828331
       -0.7971673608
        0.7814750671
       -0.7814750671
        0.7971673608
       -0.7657828331
        0.8128596544
       -0.7500905395
        0.8285518885
       -0.7343983054
        0.8442441821
       -0.7187060118
        0.8599364758
       -0.7030137181
        0.8756287098
       -0.6873214841
        0.8913210034
       -0.6716291904
        0.9070132375
       -0.6559369564
        0.9227055311
       -0.6402446628
        0.9383978248
       -0.6245523691
        0.9540900588
       -0.6088601351
        0.9697823524
       -0.5931678414
        0.9854746461
       -0.5774755478
        1.0011669397
       -0.5617833138
        1.0168591738
       -0.5460910201
        1.0325514078
       -0.5303987861
        1.0482437611
       -0.5147064924
        1.0639359951
       -0.4990142286
        1.0796282291
       -0.4833219349
        1.0953204632
       -0.4676296711
        1.1110128164
       -0.4519374073
        1.1267050505
       -0.4362451434
        1.1423972845
       -0.4205528498
        1.1580896378
       -0.4048605859
        1.1737818718
       -0.3891683221
        1.1894741058
       -0.3734760582
        1.2051664591
       -0.3577837646
        1.2208586931
       -0.3420915008
        1.2365509272
       -0.3263992369
        1.2522432804
       -0.3107069731
        1.2679355145
       -0.2950147092
        1.2836277485
       -0.2793224156
        1.2993199825
       -0.2636301517
        1.3150123358
       -0.2479378879
        1.3307045698
       -0.2322456092
        1.3463968039
       -0.2165533453
        1.3620891571
       -0.2008610666
        1.3777813911
       -0.1851688027
        1.3934736252
       -0.1694765240
        1.4091659784
       -0.1537842602
        1.4248582125
       -0.1380919814
        1.4405504465
       -0.1223997101
        1.4562427998
       -0.1067074463
        1.4719350338
       -0.0910151750
        1.4876272678
       -0.0753229037
        1.5033196211
       -0.0596306287
        1.5190118551
       -0.0439383574
        1.5347040892
       -0.0282460880
        1.5503963232
       -0.0125538167
        1.5660886765
        0.0031384542
       -1.5598117113
        0.0188307259
       -1.5441194773
        0.0345229954
       -1.5284272432
        0.0502152666
       -1.5127348900
        0.0659075379
       -1.4970426559
        0.0815998092
       -1.4813504219
        0.0972920805
       -1.4656580687
        0.1129843518
       -1.4499658346
        0.1286766231
       -1.4342736006
        0.1443688869
       -1.4185812473
        0.1600611657
       -1.4028890133
        0.1757534295
       -1.3871967793
        0.1914457083
       -1.3715044260
        0.2071379721
       -1.3558121920
        0.2228302509
       -1.3401199579
        0.2385225147
       -1.3244277239
        0.2542147934
       -1.3087353706
        0.2699070573
       -1.2930431366
        0.2855993211
       -1.2773509026
        0.3012916148
       -1.2616585493
        0.3169838786
       -1.2459663153
        0.3326761425
       -1.2302740812
        0.3483684063
       -1.2145817280
        0.3640606999
       -1.1988894939
        0.3797529638
       -1.1831972599
        0.3954452276
       -1.1675049067
        0.4111374915
       -1.1518126726
        0.4268297851
       -1.1361204386
        0.4425220490
       -1.1204282045
        0.4582143128
       -1.1047358513
        0.4739065766
       -1.0890436172
        0.4895988405
       -1.0733513832
        0.5052911043
       -1.0576590300
        0.5209833980
       -1.0419667959
        0.5366756916
       -1.0262745619
        0.5523679256
       -1.0105822086
        0.5680602193
       -0.9948899746
        0.5837524533
       -0.9791976810
        0.5994447470
       -0.9635054469
        0.6151370406
       -0.9478131533
        0.6308292747
       -0.9321209192
        0.6465215683
       -0.9164286256
        0.6622138619
       -0.9007363319
        0.6779060960
       -0.8850440979
        0.6935983896
       -0.8693518043
        0.7092906237
       -0.8536595702
        0.7249829173
       -0.8379672766
        0.7406752110
       -0.8222749829
        0.7563674450
       -0.8065827489
        0.7720597386
       -0.7908904552
        0.7877520323
       -0.7751981616
        0.8034442663
       -0.7595059276
        0.8191365600
       -0.7438136339
        0.8348287940
       -0.7281213999
        0.8505210876
       -0.7124291062
        0.8662133813
       -0.6967368126
        0.8819056153
       -0.6810445786
        0.8975979090
       -0.6653522849
        0.9132901430
       -0.6496599913
        0.9289824367
       -0.6339677572
        0.9446747303
       -0.6182754636
        0.9603669643
       -0.6025832295
        0.9760592580
       -0.5868909359
        0.9917515516
       -0.5711986423
        1.0074437857
       -0.5555064082
        1.0231360197
       -0.5398141146
        1.0388283730
       -0.5241218805
        1.0545206070
       -0.5084295869
        1.0702128410
       -0.4927373230
        1.0859051943
       -0.4770450294
        1.1015974283
       -0.4613527656
        1.1172896624
       -0.4456605017
        1.1329820156
       -0.4299682379
        1.1486742496
       -0.4142759442
        1.1643664837
       -0.3985836804
        1.1800588369
       -0.3828914165
        1.1957510710
       -0.3671991527
        1.2114433050
       -0.3515068591
        1.2271355391
       -0.3358145952
        1.2428278923
       -0.3201223314
        1.2585201263
       -0.3044300675
        1.2742123604
       -0.2887377739
        1.2899047136
       -0.2730455101
        1.3055969477
       -0.2573532462
        1.3212891817
       -0.2416609675
        1.3369815350
       -0.2259687036
        1.3526737690
       -0.2102764249
        1.3683660030
       -0.1945841610
        1.3840583563
       -0.1788918823
        1.3997505903
       -0.1631996185
        1.4154428244
       -0.1475073546
        1.4311350584
       -0.1318150759
        1.4468274117
       -0.1161228046
        1.4625196457
       -0.1004305333
        1.4782118797
       -0.0847382620
        1.4939042330
       -0.0690459907
        1.5095964670
       -0.0533537231
        1.5252887011
       -0.0376614518
        1.5409810543
       -0.0219691787
        1.5566732883
       -0.0062769083
       -1.5692270994
        0.0094153630
       -1.5535348654
        0.0251076333
       -1.5378425121
        0.0407999046
       -1.5221502781
        0.0564921759
       -1.5064580441
        0.0721844435
       -1.4907656908
        0.0878767148
       -1.4750734568
        0.1035689861
       -1.4593812227
        0.1192612574
       -1.4436889887
        0.1349535286
       -1.4279966354
        0.1506458074
       -1.4123044014
        0.1663380712
       -1.3966121674
        0.1820303500
       -1.3809198141
        0.1977226138
       -1.3652275801
        0.2134148926
       -1.3495353460
        0.2291071564
       -1.3338429928
        0.2447994202
       -1.3181507587
        0.2604916990
       -1.3024585247
        0.2761839628
       -1.2867661715
        0.2918762267
       -1.2710739374
        0.3075685203
       -1.2553817034
        0.3232607841
       -1.2396893501
        0.3389530480
       -1.2239971161
        0.3546453118
       -1.2083048820
        0.3703376055
       -1.1926126480
        0.3860298693
       -1.1769202948
        0.4017221332
       -1.1612280607
        0.4174143970
       -1.1455358267
        0.4331066906
       -1.1298434734
        0.4487989545
       -1.1141512394
        0.4644912183
       -1.0984590054
        0.4801834822
       -1.0827666521
        0.4958757758
       -1.0670744181
        0.5115680099
       -1.0513821840
        0.5272603035
       -1.0356898308
        0.5429525971
       -1.0199975967
        0.5586448312
       -1.0043053627
        0.5743371248
       -0.9886130691
        0.5900294185
       -0.9729207754
        0.6057216525
       -0.9572285414
        0.6214139462
       -0.9415362477
        0.6371061802
       -0.9258440137
        0.6527984738
       -0.9101517200
        0.6684907675
       -0.8944594264
        0.6841830015
       -0.8787671924
        0.6998752952
       -0.8630748987
        0.7155675292
       -0.8473826051
        0.7312598228
       -0.8316903710
        0.7469521165
       -0.8159980774
        0.7626443505
       -0.8003058434
        0.7783366442
       -0.7846135497
        0.7940289378
       -0.7689212561
        0.8097211719
       -0.7532290220
        0.8254134655
       -0.7375367284
        0.8411056995
       -0.7218444943
        0.8567979932
       -0.7061522007
        0.8724902868
       -0.6904599071
        0.8881825209
       -0.6747676730
        0.9038748145
       -0.6590753794
        0.9195671082
       -0.6433830857
        0.9352593422
       -0.6276908517
        0.9509516358
       -0.6119985580
        0.9666438699
       -0.5963063240
        0.9823361635
       -0.5806140304
        0.9980284572
       -0.5649217367
        1.0137207508
       -0.5492295027
        1.0294129848
       -0.5335372090
        1.0451052189
       -0.5178449154
        1.0607975721
       -0.5021526814
        1.0764898062
       -0.4864603877
        1.0921820402
       -0.4707681239
        1.1078742743
       -0.4550758600
        1.1235666275
       -0.4393835962
        1.1392588615
       -0.4236913025
        1.1549510956
       -0.4079990387
        1.1706434488
       -0.3923067749
        1.1863356829
       -0.3766145110
        1.2020279169
       -0.3609222472
        1.2177202702
       -0.3452299535
        1.2334125042
       -0.3295376897
        1.2491047382
       -0.3138454258
        1.2647970915
       -0.2981531620
        1.2804893255
       -0.2824608684
        1.2961815596
       -0.2667686045
        1.3118739128
       -0.2510763407
        1.3275661469
       -0.2353840619
        1.3432583809
       -0.2196917981
        1.3589506149
       -0.2039995193
        1.3746429682
       -0.1883072555
        1.3903352022
       -0.1726149768
        1.4060274363
       -0.1569227129
        1.4217197895
       -0.1412304342
        1.4374120235
       -0.1255381703
        1.4531042576
       -0.1098458990
        1.4687966108
       -0.0941536278
        1.4844888449
       -0.0784613565
        1.5001810789
       -0.0627690852
        1.5158734322
       -0.0470768139
        1.5315656662
       -0.0313845426
        1.5472579002
       -0.0156922713
        1.5629501343
