       -0.0000000000
        1.0195968151
       -1.3232339621
       -0.0087059513
        0.1837138385
        0.4855924547
        0.8667481542
        1.4993368387
        1.2315465212
        1.5636520386
        1.5463860035
       -1.5298490524
       -1.1402231455
       -1.4527953863
       -0.7278371453
       -0.4646471143
       -0.0802517161
        0.0033961532
        1.3937859535
       -0.9831135869
        0.0417572074
        1.0591812134
       -1.2482980490
       -0.0544186272
        0.3301923573
        0.4465407431
        1.1146160364
        1.5103794336
        1.3758993149
       -1.5596168041
        0.7161530852
       -1.5028837919
       -1.1366858482
       -1.3785408735
       -0.9102019668
       -0.3179400265
       -0.1045409963
        0.1332450509
        1.4435575008
       -0.9716722369
        0.1035323739
        1.0740803480
       -1.1928776503
        0.0206474662
        0.3710498214
        0.5145176649
        1.1638954878
        1.5498745441
        1.4629174471
       -1.5389025211
       -0.5045959353
       -1.4896252155
       -1.0922720432
       -1.3102368116
       -0.9616692662
       -0.1805654764
       -0.1200832874
        0.2639757097
        1.4885237217
       -0.9614906907
        0.1700664759
        1.0796338320
       -1.1433696747
        0.1565676630
        0.3523811400
        0.6516336799
        1.0693957806
       -1.5046617985
        1.5055779219
       -1.4875242710
        0.8340130448
       -1.4548617601
       -0.9880501032
       -1.2774513960
       -0.8483445644
       -0.1694085896
       -0.0236127134
        0.2759417593
        1.5554873943
       -0.9303194284
        0.2168531418
        1.1137797832
       -1.0753138065
        0.1491155922
        0.4574811459
        0.6585273743
        1.2277485132
       -1.4924099445
       -1.5248974562
       -1.4820635319
       -0.3895119727
       -1.4783915281
       -0.9624783993
       -1.2049854994
       -0.9118775129
        0.0046328693
       -0.0622327179
        0.4302329719
       -1.5512828827
       -0.9195114970
        0.2876173258
        1.1122745275
       -1.0279490948
        0.3215849400
        0.4093872905
        0.8225817680
        1.0293732882
       -1.3838595152
       -1.4994359016
       -1.4047477245
        0.9469061494
       -1.4064006805
       -0.8364936709
       -1.1782473326
       -0.7587844133
       -0.0364161618
        0.0729936287
        0.4037405550
       -1.4751093388
       -0.8820665479
        0.3274298012
        1.1587271690
       -0.9551022053
        0.2605795860
        0.5538940430
        0.7937939167
        1.2982370853
       -1.3938989639
       -1.3693997860
       -1.4195395708
       -0.2761897147
       -1.5001171827
       -0.8322140574
       -1.1086850166
       -0.8390820026
        0.1859580427
        0.0054707434
        0.5878773928
       -1.4557651281
       -0.8696455956
        0.4036096931
        1.1492775679
       -0.9105479717
        0.4786218703
        0.4736237526
        0.9858016968
        0.9782084823
       -1.2622575760
       -1.3597736359
       -1.3134665489
        1.0580508709
       -1.3556120396
       -0.6858010888
       -1.0769370794
       -0.6603032947
        0.0923000798
        0.1739134640
        0.5290877819
       -1.3680992126
       -0.8282303214
        0.4369024932
        1.2080742121
       -0.8344308734
        0.3629078865
        0.6535276175
        0.9268063903
        1.3693870306
       -1.2935374975
       -1.2137326002
       -1.3504000902
       -0.1638196707
       -1.5596078634
       -0.7024705410
       -1.0219299793
       -0.7525197864
        0.3666335940
        0.0798084214
        0.7410678267
       -1.3698880672
       -0.8121518493
        0.5184987783
        1.1916574240
       -0.7923892140
        0.6296990514
        0.5434104800
        1.1438843012
        0.9294233322
       -1.1396050453
       -1.2169739008
       -1.2155405283
        1.1675251722
       -1.3010691404
       -0.5367299914
       -0.9723379016
       -0.5558432937
        0.2182784379
        0.2775751948
        0.6536645293
       -1.2666872740
       -0.7684789300
        0.5453953743
        1.2623416185
       -0.7140629888
        0.4564208686
        0.7552770972
        1.0586868525
        1.4409599304
       -1.1904557943
       -1.0585019588
       -1.2742077112
       -0.0524094179
        1.4879424572
       -0.5734395981
       -0.9455285668
       -0.6562298536
        0.5467219353
        0.1603357196
        0.8905675411
       -1.2972909212
       -0.7471092939
        0.6322141886
        1.2404716015
       -0.6741333008
        0.7738548517
        0.6188482642
        1.2975047827
        0.8993781209
       -1.0160881281
       -1.0704149008
       -1.1123600006
        1.2750070095
       -1.2417707443
       -0.3896950781
       -0.8637998104
       -0.4466274381
        0.3417914808
        0.3836339116
        0.7777503133
       -1.1724319458
       -0.7025484443
        0.6527982950
        1.3219462633
       -0.5945130587
        0.5401526690
        0.8589153886
        1.1896752119
        1.5137395859
       -1.0842621326
       -0.9041466713
       -1.1908665895
        0.0578733124
        1.3763211966
       -0.4451822639
       -0.8783395886
       -0.5527464747
        0.7255470157
        0.2469696701
        1.0364793539
       -1.2423412800
       -0.6748139262
        0.7445549369
        1.2963343859
       -0.5562752485
        0.9090880752
        0.7002139688
        1.4469051361
        0.8984591961
       -0.8919471502
       -0.9191298485
       -1.0049648285
        1.3799896240
       -1.1771364212
       -0.2450228930
       -0.7509515882
       -0.3334968090
        0.4627650082
        0.4920229316
        0.9012849927
       -1.0869603157
       -0.6303976774
        0.7589240074
        1.3870518208
       -0.4762099683
        0.6128317118
        0.9644258022
        1.3197584152
       -1.5528758764
       -0.9748495817
       -0.7510563731
       -1.1005252600
        0.1668000519
        1.2735904455
       -0.3177341819
       -0.8147630095
       -0.4438357055
        0.9021319747
        0.3396154344
        1.1787184477
       -1.2098392248
       -0.5957472920
        0.8552587032
        1.3594045639
       -0.4392378628
        1.0326323509
        0.7876728773
       -1.5494134426
        0.9291632175
       -0.7674170732
       -0.7618172765
       -0.8941411376
        1.4817935228
       -1.1069517136
       -0.1030104831
       -0.6336246133
       -0.2171840519
        0.5809887648
        0.6027364731
        1.0241091251
       -1.0118862391
       -0.5521862507
        0.8635430932
        1.4575895071
       -0.3595452607
        0.6733627915
        1.0718353987
        1.4488290548
       -1.4747823477
       -0.8623230457
       -0.5996007323
       -1.0034906864
        0.2741038501
        1.2010673285
       -0.1911334097
       -0.7429040670
       -0.3307821155
        1.0753346682
        0.4381072223
        1.3171328306
       -1.2036727667
       -0.5104983449
        0.9640181065
        1.4294843674
       -0.3234104812
        1.1409319639
        0.8812364340
       -1.4082431793
        0.9889259338
       -0.6427211761
       -0.5968682766
       -0.7804896832
       -1.5620646477
       -1.0312855244
        0.0360532850
       -0.5118053555
       -0.0983860940
        0.6961852908
        0.7157633305
        1.1460362673
       -0.9485788345
       -0.4682184160
        0.9663930535
        1.5333174467
       -0.2448951602
        0.7213336229
        1.1811616421
       -1.5648536682
       -1.3928503990
       -0.7469518781
       -0.4501393437
       -0.9001594782
        0.3794847727
        1.1661670208
       -0.0654299855
       -0.6468634009
       -0.2145440727
        1.2438992262
        0.5422210693
        1.4515385628
       -1.2238634825
       -0.4196974933
        1.0704826117
        1.5061402321
       -0.2091713548
        1.2295918465
        0.9807869792
       -1.2712025642
        1.0733575821
       -0.5180769563
       -0.4225675762
       -0.6644755006
       -1.4695782661
       -0.9504036903
        0.1718757302
       -0.3855970800
        0.0222142693
        0.8080416322
        0.8310652375
        1.2668793201
       -0.8977622390
       -0.3788882792
        1.0671803951
       -1.5277107954
       -0.1326342076
        0.7575945258
        1.2923951149
       -1.4382704496
       -1.3065983057
       -0.6291304231
       -0.3030246198
       -0.7909675241
        0.4826093316
        1.1659001112
        0.0593091398
       -0.5147687793
       -0.0958514810
        1.4064670801
        0.6517019868
       -1.5598635674
       -1.2627835274
       -0.3239714205
        1.1742564440
       -1.5527863503
       -0.0969035551
        1.2935506105
        1.0861173868
       -1.1383591890
        1.1780687571
       -0.3937052786
       -0.2377430648
       -0.5464615226
       -1.3839178085
       -0.8646919131
        0.3041524589
       -0.2551874220
        0.1439435631
        0.9162302017
        0.9485718012
        1.3864609003
       -0.8589778543
       -0.2846356928
        1.1655797958
       -1.4427247047
       -0.0231445860
        0.7847309113
        1.4054945707
       -1.3131855726
       -1.2157807350
       -0.5093451738
       -0.1586023420
       -0.6763563752
        0.5831096172
        1.1935353279
        0.1829962432
       -0.3468928337
        0.0247289781
        1.5615515709
        0.7662891746
       -1.4341166019
       -1.3044257164
       -0.2239167094
        1.2748945951
       -1.4647289515
        0.0129922982
        1.3279422522
        1.1969691515
       -1.0098209381
        1.2993241549
       -0.2698416114
       -0.0432611182
       -0.4267337620
       -1.3072239161
       -0.7745965719
        0.4325605631
       -0.1208229586
        0.2661381960
        1.0204300880
        1.0681819916
        1.5046178102
       -0.8300782442
       -0.1859152913
        1.2612339258
       -1.3537541628
        0.0831770152
        0.8070864081
        1.5203877687
       -1.1897690296
       -1.1203538179
       -0.3881484270
       -0.0172106773
       -0.5567532778
        0.6805832982
        1.2424273491
        0.3055187166
       -0.1555367559
        0.1467481405
       -1.4341169596
        0.8857356310
       -1.3130623102
       -1.3303319216
       -0.1200875267
        1.3719011545
       -1.3719011545
        0.1200875267
        1.3303319216
        1.3130623102
       -0.8857356310
        1.4341169596
       -0.1467481405
        0.1555367559
       -0.3055187166
       -1.2424273491
       -0.6805832982
        0.5567532778
        0.0172106773
        0.3881484270
        1.1203538179
        1.1897690296
       -1.5203877687
       -0.8070864081
       -0.0831770152
        1.3537541628
       -1.2612339258
        0.1859152913
        0.8300782442
       -1.5046178102
       -1.0681819916
       -1.0204300880
       -0.2661381960
        0.1208229586
       -0.4325605631
        0.7745965719
        1.3072239161
        0.4267337620
        0.0432611182
        0.2698416114
       -1.2993241549
        1.0098209381
       -1.1969691515
       -1.3279422522
       -0.0129922982
        1.4647289515
       -1.2748945951
        0.2239167094
        1.3044257164
        1.4341166019
       -0.7662891746
       -1.5615515709
       -0.0247289781
        0.3468928337
       -0.1829962432
       -1.1935353279
       -0.5831096172
        0.6763563752
        0.1586023420
        0.5093451738
        1.2157807350
        1.3131855726
       -1.4054945707
       -0.7847309113
        0.0231445860
        1.4427247047
       -1.1655797958
        0.2846356928
        0.8589778543
       -1.3864609003
       -0.9485718012
       -0.9162302017
       -0.1439435631
        0.2551874220
       -0.3041524589
        0.8646919131
        1.3839178085
        0.5464615226
        0.2377430648
        0.3937052786
       -1.1780687571
        1.1383591890
       -1.0861173868
       -1.2935506105
        0.0969035551
        1.5527863503
       -1.1742564440
        0.3239714205
        1.2627835274
        1.5598635674
       -0.6517019868
       -1.4064670801
        0.0958514810
        0.5147687793
       -0.0593091398
       -1.1659001112
       -0.4826093316
        0.7909675241
        0.3030246198
        0.6291304231
        1.3065983057
        1.4382704496
       -1.2923951149
       -0.7575945258
        0.1326342076
        1.5277107954
       -1.0671803951
        0.3788882792
        0.8977622390
       -1.2668793201
       -0.8310652375
       -0.8080416322
       -0.0222142693
        0.3855970800
       -0.1718757302
        0.9504036903
        1.4695782661
        0.6644755006
        0.4225675762
        0.5180769563
       -1.0733575821
        1.2712025642
       -0.9807869792
       -1.2295918465
        0.2091713548
       -1.5061402321
       -1.0704826117
        0.4196974933
        1.2238634825
       -1.4515385628
       -0.5422210693
       -1.2438992262
        0.2145440727
        0.6468634009
        0.0654299855
       -1.1661670208
       -0.3794847727
        0.9001594782
        0.4501393437
        0.7469518781
        1.3928503990
        1.5648536682
       -1.1811616421
       -0.7213336229
        0.2448951602
       -1.5333174467
       -0.9663930535
        0.4682184160
        0.9485788345
       -1.1460362673
       -0.7157633305
       -0.6961852908
        0.0983860940
        0.5118053555
       -0.0360532850
        1.0312855244
        1.5620646477
        0.7804896832
        0.5968682766
        0.6427211761
       -0.9889259338
        1.4082431793
       -0.8812364340
       -1.1409319639
        0.3234104812
       -1.4294843674
       -0.9640181065
        0.5104983449
        1.2036727667
       -1.3171328306
       -0.4381072223
       -1.0753346682
        0.3307821155
        0.7429040670
        0.1911334097
       -1.2010673285
       -0.2741038501
        1.0034906864
        0.5996007323
        0.8623230457
        1.4747823477
       -1.4488290548
       -1.0718353987
       -0.6733627915
        0.3595452607
       -1.4575895071
       -0.8635430932
        0.5521862507
        1.0118862391
       -1.0241091251
       -0.6027364731
       -0.5809887648
        0.2171840519
        0.6336246133
        0.1030104831
        1.1069517136
       -1.4817935228
        0.8941411376
        0.7618172765
        0.7674170732
       -0.9291632175
        1.5494134426
       -0.7876728773
       -1.0326323509
        0.4392378628
       -1.3594045639
       -0.8552587032
        0.5957472920
        1.2098392248
       -1.1787184477
       -0.3396154344
       -0.9021319747
        0.4438357055
        0.8147630095
        0.3177341819
       -1.2735904455
       -0.1668000519
        1.1005252600
        0.7510563731
        0.9748495817
        1.5528758764
       -1.3197584152
       -0.9644258022
       -0.6128317118
        0.4762099683
       -1.3870518208
       -0.7589240074
        0.6303976774
        1.0869603157
       -0.9012849927
       -0.4920229316
       -0.4627650082
        0.3334968090
        0.7509515882
        0.2450228930
        1.1771364212
       -1.3799896240
        1.0049648285
        0.9191298485
        0.8919471502
       -0.8984591961
       -1.4469051361
       -0.7002139688
       -0.9090880752
        0.5562752485
       -1.2963343859
       -0.7445549369
        0.6748139262
        1.2423412800
       -1.0364793539
       -0.2469696701
       -0.7255470157
        0.5527464747
        0.8783395886
        0.4451822639
       -1.3763211966
       -0.0578733124
        1.1908665895
        0.9041466713
        1.0842621326
       -1.5137395859
       -1.1896752119
       -0.8589153886
       -0.5401526690
        0.5945130587
       -1.3219462633
       -0.6527982950
        0.7025484443
        1.1724319458
       -0.7777503133
       -0.3836339116
       -0.3417914808
        0.4466274381
        0.8637998104
        0.3896950781
        1.2417707443
       -1.2750070095
        1.1123600006
        1.0704149008
        1.0160881281
       -0.8993781209
       -1.2975047827
       -0.6188482642
       -0.7738548517
        0.6741333008
       -1.2404716015
       -0.6322141886
        0.7471092939
        1.2972909212
       -0.8905675411
       -0.1603357196
       -0.5467219353
        0.6562298536
        0.9455285668
        0.5734395981
       -1.4879424572
        0.0524094179
        1.2742077112
        1.0585019588
        1.1904557943
       -1.4409599304
       -1.0586868525
       -0.7552770972
       -0.4564208686
        0.7140629888
       -1.2623416185
       -0.5453953743
        0.7684789300
        1.2666872740
       -0.6536645293
       -0.2775751948
       -0.2182784379
        0.5558432937
        0.9723379016
        0.5367299914
        1.3010691404
       -1.1675251722
        1.2155405283
        1.2169739008
        1.1396050453
       -0.9294233322
       -1.1438843012
       -0.5434104800
       -0.6296990514
        0.7923892140
       -1.1916574240
       -0.5184987783
        0.8121518493
        1.3698880672
       -0.7410678267
       -0.0798084214
       -0.3666335940
        0.7525197864
        1.0219299793
        0.7024705410
        1.5596078634
        0.1638196707
        1.3504000902
        1.2137326002
        1.2935374975
       -1.3693870306
       -0.9268063903
       -0.6535276175
       -0.3629078865
        0.8344308734
       -1.2080742121
       -0.4369024932
        0.8282303214
        1.3680992126
       -0.5290877819
       -0.1739134640
       -0.0923000798
        0.6603032947
        1.0769370794
        0.6858010888
        1.3556120396
       -1.0580508709
        1.3134665489
        1.3597736359
        1.2622575760
       -0.9782084823
       -0.9858016968
       -0.4736237526
       -0.4786218703
        0.9105479717
       -1.1492775679
       -0.4036096931
        0.8696455956
        1.4557651281
       -0.5878773928
       -0.0054707434
       -0.1859580427
        0.8390820026
        1.1086850166
        0.8322140574
        1.5001171827
        0.2761897147
        1.4195395708
        1.3693997860
        1.3938989639
       -1.2982370853
       -0.7937939167
       -0.5538940430
       -0.2605795860
        0.9551022053
       -1.1587271690
       -0.3274298012
        0.8820665479
        1.4751093388
       -0.4037405550
       -0.0729936287
        0.0364161618
        0.7587844133
        1.1782473326
        0.8364936709
        1.4064006805
       -0.9469061494
        1.4047477245
        1.4994359016
        1.3838595152
       -1.0293732882
       -0.8225817680
       -0.4093872905
       -0.3215849400
        1.0279490948
       -1.1122745275
       -0.2876173258
        0.9195114970
        1.5512828827
       -0.4302329719
        0.0622327179
       -0.0046328693
        0.9118775129
        1.2049854994
        0.9624783993
        1.4783915281
        0.3895119727
        1.4820635319
        1.5248974562
        1.4924099445
       -1.2277485132
       -0.6585273743
       -0.4574811459
       -0.1491155922
        1.0753138065
       -1.1137797832
       -0.2168531418
        0.9303194284
       -1.5554873943
       -0.2759417593
        0.0236127134
        0.1694085896
        0.8483445644
        1.2774513960
        0.9880501032
        1.4548617601
       -0.8340130448
        1.4875242710
       -1.5055779219
        1.5046617985
       -1.0693957806
       -0.6516336799
       -0.3523811400
       -0.1565676630
        1.1433696747
       -1.0796338320
       -0.1700664759
        0.9614906907
       -1.4885237217
       -0.2639757097
        0.1200832874
        0.1805654764
        0.9616692662
        1.3102368116
        1.0922720432
        1.4896252155
        0.5045959353
        1.5389025211
       -1.4629174471
       -1.5498745441
       -1.1638954878
       -0.5145176649
       -0.3710498214
       -0.0206474662
        1.1928776503
       -1.0740803480
       -0.1035323739
        0.9716722369
       -1.4435575008
       -0.1332450509
        0.1045409963
        0.3179400265
        0.9102019668
        1.3785408735
        1.1366858482
        1.5028837919
       -0.7161530852
        1.5596168041
       -1.3758993149
       -1.5103794336
       -1.1146160364
       -0.4465407431
       -0.3301923573
        0.0544186272
        1.2482980490
       -1.0591812134
       -0.0417572074
        0.9831135869
       -1.3937859535
       -0.0033961532
        0.0802517161
        0.4646471143
        0.7278371453
        1.4527953863
        1.1402231455
        1.5298490524
       -1.5463860035
       -1.5636520386
       -1.2315465212
       -1.4993368387
       -0.8667481542
       -0.4855924547
       -0.1837138385
        0.0087059513
        1.3232339621
       -1.0195968151
