        0.0000000001
        0.0000000637
        0.0000000001
        0.0000000212
        0.0000000001
        0.0000000127
        0.0000000001
        0.0000000091
        0.0000000001
        0.0000000071
        0.0000000001
        0.0000000058
        0.0000000001
        0.0000000049
        0.0000000001
        0.0000000042
        0.0000000001
        0.0000000037
        0.0000000001
        0.0000000034
        0.0000000001
        0.0000000030
        0.0000000001
        0.0000000028
        0.0000000001
        0.0000000025
        0.0000000001
        0.0000000024
        0.0000000001
        0.0000000022
        0.0000000001
        0.0000000021
        0.0000000001
        0.0000000019
        0.0000000001
        0.0000000018
        0.0000000001
        0.0000000017
        0.0000000001
        0.0000000016
        0.0000000001
        0.0000000016
        0.0000000001
        0.0000000015
        0.0000000001
        0.0000000014
        0.0000000001
        0.0000000014
        0.0000000001
        0.0000000013
        0.0000000001
        0.0000000013
        0.0000000001
        0.0000000012
        0.0000000001
        0.0000000012
        0.0000000001
        0.0000000011
        0.0000000001
        0.0000000011
        0.0000000001
        0.0000000010
        0.0000000001
        0.0000000010
        0.0000000001
        0.0000000010
        0.0000000001
        0.0000000010
        0.0000000001
        0.0000000009
        0.0000000001
        0.0000000009
        0.0000000001
        0.0000000009
        0.0000000001
        0.0000000009
        0.0000000001
        0.0000000008
        0.0000000001
        0.0000000008
        0.0000000001
        0.0000000008
        0.0000000001
        0.0000000008
        0.0000000001
        0.0000000008
        0.0000000001
        0.0000000007
        0.0000000001
        0.0000000007
        0.0000000001
        0.0000000007
        0.0000000001
        0.0000000007
        0.0000000001
        0.0000000007
        0.0000000001
        0.0000000007
        0.0000000001
        0.0000000006
        0.0000000001
        0.0000000006
        0.0000000001
        0.0000000006
        0.0000000001
        0.0000000006
        0.0000000001
        0.0000000006
        0.0000000001
        0.0000000006
        0.0000000001
        0.0000000006
        0.0000000001
        0.0000000006
        0.0000000001
        0.0000000006
        0.0000000001
        0.0000000005
        0.0000000001
        0.0000000005
        0.0000000001
        0.0000000005
        0.0000000001
        0.0000000005
        0.0000000001
        0.0000000005
        0.0000000001
        0.0000000005
        0.0000000001
        0.0000000005
        0.0000000001
        0.0000000005
        0.0000000001
        0.0000000005
        0.0000000001
        0.0000000005
        0.0000000001
        0.0000000005
        0.0000000001
        0.0000000005
        0.0000000001
        0.0000000005
        0.0000000001
        0.0000000004
        0.0000000001
        0.0000000004
        0.0000000001
        0.0000000004
        0.0000000001
        0.0000000004
        0.0000000001
        0.0000000004
        0.0000000001
        0.0000000004
        0.0000000001
        0.0000000004
        0.0000000001
        0.0000000004
        0.0000000001
        0.0000000004
        0.0000000001
        0.0000000004
        0.0000000001
        0.0000000004
        0.0000000001
        0.0000000004
        0.0000000001
        0.0000000004
        0.0000000001
        0.0000000004
        0.0000000001
        0.0000000004
        0.0000000001
        0.0000000004
        0.0000000001
        0.0000000004
        0.0000000001
        0.0000000004
        0.0000000001
        0.0000000004
        0.0000000001
        0.0000000004
        0.0000000001
        0.0000000004
        0.0000000001
        0.0000000003
        0.0000000001
        0.0000000003
        0.0000000001
        0.0000000003
        0.0000000001
        0.0000000003
        0.0000000001
        0.0000000003
        0.0000000001
        0.0000000003
        0.0000000001
        0.0000000003
        0.0000000001
        0.0000000003
        0.0000000001
        0.0000000003
        0.0000000001
        0.0000000003
        0.0000000001
        0.0000000003
        0.0000000001
        0.0000000003
        0.0000000001
        0.0000000003
        0.0000000001
        0.0000000003
        0.0000000001
        0.0000000003
        0.0000000001
        0.0000000003
        0.0000000001
        0.0000000003
        0.0000000001
        0.0000000003
        0.0000000001
        0.0000000003
        0.0000000001
        0.0000000003
        0.0000000001
        0.0000000003
        0.0000000001
        0.0000000003
        0.0000000001
        0.0000000003
        0.0000000001
        0.0000000003
        0.0000000001
        0.0000000003
        0.0000000001
        0.0000000003
        0.0000000001
        0.0000000003
        0.0000000001
        0.0000000003
        0.0000000001
        0.0000000003
        0.0000000001
        0.0000000003
        0.0000000001
        0.0000000003
        0.0000000001
        0.0000000003
        0.0000000001
        0.0000000003
        0.0000000001
        0.0000000003
        0.0000000001
        0.0000000003
        0.0000000001
        0.0000000003
        0.0000000001
        0.0000000003
        0.0000000001
        0.0000000003
        0.0000000001
        0.0000000003
        0.0000000001
        0.0000000002
        0.0000000001
        0.0000000002
        0.0000000001
        0.0000000002
        0.0000000001
        0.0000000002
        0.0000000001
        0.0000000002
        0.0000000001
        0.0000000002
        0.0000000001
        0.0000000002
        0.0000000001
        0.0000000002
        0.0000000001
        0.0000000002
        0.0000000001
        0.0000000002
        0.0000000001
        0.0000000002
        0.0000000001
        0.0000000002
        0.0000000001
        0.0000000002
        0.0000000001
        0.0000000002
        0.0000000001
        0.0000000002
        0.0000000001
        0.0000000002
        0.0000000001
        0.0000000002
        0.0000000001
        0.0000000002
        0.0000000001
        0.0000000002
        0.0000000001
        0.0000000002
        0.0000000001
        0.0000000002
        0.0000000001
        0.0000000002
        0.0000000001
        0.0000000002
        0.0000000001
        0.0000000002
        0.0000000001
        0.0000000002
        0.0000000001
        0.0000000002
        0.0000000001
        0.0000000002
        0.0000000001
        0.0000000002
        0.0000000001
        0.0000000002
        0.0000000001
        0.0000000002
        0.0000000001
        0.0000000002
        0.0000000001
        0.0000000002
        0.0000000001
        0.0000000002
        0.0000000001
        0.0000000002
        0.0000000001
        0.0000000002
        0.0000000001
        0.0000000002
        0.0000000001
        0.0000000002
        0.0000000001
        0.0000000002
        0.0000000001
        0.0000000002
        0.0000000001
        0.0000000002
        0.0000000001
        0.0000000002
        0.0000000001
        0.0000000002
        0.0000000001
        0.0000000002
        0.0000000001
        0.0000000002
        0.0000000001
        0.0000000002
        0.0000000001
        0.0000000002
        0.0000000001
        0.0000000002
        0.0000000001
        0.0000000002
        0.0000000001
        0.0000000002
        0.0000000001
        0.0000000002
        0.0000000001
        0.0000000002
        0.0000000001
        0.0000000002
        0.0000000001
        0.0000000002
        0.0000000001
        0.0000000002
        0.0000000001
        0.0000000002
        0.0000000001
        0.0000000002
        0.0000000001
        0.0000000002
        0.0000000001
        0.0000000002
        0.0000000001
        0.0000000002
        0.0000000001
        0.0000000002
        0.0000000001
        0.0000000002
        0.0000000001
        0.0000000002
        0.0000000001
        0.0000000002
        0.0000000001
        0.0000000002
        0.0000000001
        0.0000000002
        0.0000000001
        0.0000000002
        0.0000000001
        0.0000000002
        0.0000000001
        0.0000000002
        0.0000000001
        0.0000000002
        0.0000000001
        0.0000000002
        0.0000000001
        0.0000000002
        0.0000000001
        0.0000000002
        0.0000000001
        0.0000000002
        0.0000000001
        0.0000000002
        0.0000000001
        0.0000000002
        0.0000000001
        0.0000000002
        0.0000000001
        0.0000000002
        0.0000000001
        0.0000000002
        0.0000000001
        0.0000000002
        0.0000000001
        0.0000000002
        0.0000000001
        0.0000000002
        0.0000000001
        0.0000000002
        0.0000000001
        0.0000000002
        0.0000000001
        0.0000000002
        0.0000000001
        0.0000000002
        0.0000000001
        0.0000000002
        0.0000000001
        0.0000000002
        0.0000000001
        0.0000000002
        0.0000000001
        0.0000000002
        0.0000000001
        0.0000000002
        0.0000000001
        0.0000000002
        0.0000000001
        0.0000000002
        0.0000000001
        0.0000000002
        0.0000000001
        0.0000000002
        0.0000000001
        0.0000000002
        0.0000000001
        0.0000000002
        0.0000000001
        0.0000000002
        0.0000000001
        0.0000000002
        0.0000000001
        0.0000000002
        0.0000000001
        0.0000000002
        0.0000000001
        0.0000000002
        0.0000000001
        0.0000000002
        0.0000000001
        0.0000000001
        0.0000000001
        0.0000000001
        0.0000000001
        0.0000000001
        0.0000000001
        0.0000000001
        0.0000000001
        0.0000000001
        0.0000000001
        0.0000000001
        0.0000000001
        0.0000000001
        0.0000000001
        0.0000000001
        0.0000000001
        0.0000000001
        0.0000000001
        0.0000000001
        0.0000000001
        0.0000000001
        0.0000000001
        0.0000000001
        0.0000000001
        0.0000000001
        0.0000000001
        0.0000000001
        0.0000000001
        0.0000000001
        0.0000000001
        0.0000000001
        0.0000000001
        0.0000000001
        0.0000000001
        0.0000000001
        0.0000000001
        0.0000000001
        0.0000000001
        0.0000000001
        0.0000000001
        0.0000000001
        0.0000000001
        0.0000000001
        0.0000000001
        0.0000000001
        0.0000000001
        0.0000000001
        0.0000000001
        0.0000000001
        0.0000000001
        0.0000000001
        0.0000000001
        0.0000000001
        0.0000000001
        0.0000000001
        0.0000000001
        0.0000000001
        0.0000000001
        0.0000000001
        0.0000000001
        0.0000000001
        0.0000000001
        0.0000000001
        0.0000000001
        0.0000000001
        0.0000000001
        0.0000000001
        0.0000000001
        0.0000000001
        0.0000000002
        0.0000000001
        0.0000000002
        0.0000000001
        0.0000000002
        0.0000000001
        0.0000000002
        0.0000000001
        0.0000000002
        0.0000000001
        0.0000000002
        0.0000000001
        0.0000000002
        0.0000000001
        0.0000000002
        0.0000000001
        0.0000000002
        0.0000000001
        0.0000000002
        0.0000000001
        0.0000000002
        0.0000000001
        0.0000000002
        0.0000000001
        0.0000000002
        0.0000000001
        0.0000000002
        0.0000000001
        0.0000000002
        0.0000000001
        0.0000000002
        0.0000000001
        0.0000000002
        0.0000000001
        0.0000000002
        0.0000000001
        0.0000000002
        0.0000000001
        0.0000000002
        0.0000000001
        0.0000000002
        0.0000000001
        0.0000000002
        0.0000000001
        0.0000000002
        0.0000000001
        0.0000000002
        0.0000000001
        0.0000000002
        0.0000000001
        0.0000000002
        0.0000000001
        0.0000000002
        0.0000000001
        0.0000000002
        0.0000000001
        0.0000000002
        0.0000000001
        0.0000000002
        0.0000000001
        0.0000000002
        0.0000000001
        0.0000000002
        0.0000000001
        0.0000000002
        0.0000000001
        0.0000000002
        0.0000000001
        0.0000000002
        0.0000000001
        0.0000000002
        0.0000000001
        0.0000000002
        0.0000000001
        0.0000000002
        0.0000000001
        0.0000000002
        0.0000000001
        0.0000000002
        0.0000000001
        0.0000000002
        0.0000000001
        0.0000000002
        0.0000000001
        0.0000000002
        0.0000000001
        0.0000000002
        0.0000000001
        0.0000000002
        0.0000000001
        0.0000000002
        0.0000000001
        0.0000000002
        0.0000000001
        0.0000000002
        0.0000000001
        0.0000000002
        0.0000000001
        0.0000000002
        0.0000000001
        0.0000000002
        0.0000000001
        0.0000000002
        0.0000000001
        0.0000000002
        0.0000000001
        0.0000000002
        0.0000000001
        0.0000000002
        0.0000000001
        0.0000000002
        0.0000000001
        0.0000000002
        0.0000000001
        0.0000000002
        0.0000000001
        0.0000000002
        0.0000000001
        0.0000000002
        0.0000000001
        0.0000000002
        0.0000000001
        0.0000000002
        0.0000000001
        0.0000000002
        0.0000000001
        0.0000000002
        0.0000000001
        0.0000000002
        0.0000000001
        0.0000000002
        0.0000000001
        0.0000000002
        0.0000000001
        0.0000000002
        0.0000000001
        0.0000000002
        0.0000000001
        0.0000000002
        0.0000000001
        0.0000000002
        0.0000000001
        0.0000000002
        0.0000000001
        0.0000000002
        0.0000000001
        0.0000000002
        0.0000000001
        0.0000000002
        0.0000000001
        0.0000000002
        0.0000000001
        0.0000000002
        0.0000000001
        0.0000000002
        0.0000000001
        0.0000000002
        0.0000000001
        0.0000000002
        0.0000000001
        0.0000000002
        0.0000000001
        0.0000000002
        0.0000000001
        0.0000000002
        0.0000000001
        0.0000000002
        0.0000000001
        0.0000000002
        0.0000000001
        0.0000000002
        0.0000000001
        0.0000000002
        0.0000000001
        0.0000000002
        0.0000000001
        0.0000000002
        0.0000000001
        0.0000000002
        0.0000000001
        0.0000000002
        0.0000000001
        0.0000000002
        0.0000000001
        0.0000000002
        0.0000000001
        0.0000000002
        0.0000000001
        0.0000000002
        0.0000000001
        0.0000000002
        0.0000000001
        0.0000000002
        0.0000000001
        0.0000000002
        0.0000000001
        0.0000000002
        0.0000000001
        0.0000000002
        0.0000000001
        0.0000000002
        0.0000000001
        0.0000000002
        0.0000000001
        0.0000000003
        0.0000000001
        0.0000000003
        0.0000000001
        0.0000000003
        0.0000000001
        0.0000000003
        0.0000000001
        0.0000000003
        0.0000000001
        0.0000000003
        0.0000000001
        0.0000000003
        0.0000000001
        0.0000000003
        0.0000000001
        0.0000000003
        0.0000000001
        0.0000000003
        0.0000000001
        0.0000000003
        0.0000000001
        0.0000000003
        0.0000000001
        0.0000000003
        0.0000000001
        0.0000000003
        0.0000000001
        0.0000000003
        0.0000000001
        0.0000000003
        0.0000000001
        0.0000000003
        0.0000000001
        0.0000000003
        0.0000000001
        0.0000000003
        0.0000000001
        0.0000000003
        0.0000000001
        0.0000000003
        0.0000000001
        0.0000000003
        0.0000000001
        0.0000000003
        0.0000000001
        0.0000000003
        0.0000000001
        0.0000000003
        0.0000000001
        0.0000000003
        0.0000000001
        0.0000000003
        0.0000000001
        0.0000000003
        0.0000000001
        0.0000000003
        0.0000000001
        0.0000000003
        0.0000000001
        0.0000000003
        0.0000000001
        0.0000000003
        0.0000000001
        0.0000000003
        0.0000000001
        0.0000000003
        0.0000000001
        0.0000000003
        0.0000000001
        0.0000000003
        0.0000000001
        0.0000000003
        0.0000000001
        0.0000000003
        0.0000000001
        0.0000000003
        0.0000000001
        0.0000000004
        0.0000000001
        0.0000000004
        0.0000000001
        0.0000000004
        0.0000000001
        0.0000000004
        0.0000000001
        0.0000000004
        0.0000000001
        0.0000000004
        0.0000000001
        0.0000000004
        0.0000000001
        0.0000000004
        0.0000000001
        0.0000000004
        0.0000000001
        0.0000000004
        0.0000000001
        0.0000000004
        0.0000000001
        0.0000000004
        0.0000000001
        0.0000000004
        0.0000000001
        0.0000000004
        0.0000000001
        0.0000000004
        0.0000000001
        0.0000000004
        0.0000000001
        0.0000000004
        0.0000000001
        0.0000000004
        0.0000000001
        0.0000000004
        0.0000000001
        0.0000000004
        0.0000000001
        0.0000000004
        0.0000000001
        0.0000000005
        0.0000000001
        0.0000000005
        0.0000000001
        0.0000000005
        0.0000000001
        0.0000000005
        0.0000000001
        0.0000000005
        0.0000000001
        0.0000000005
        0.0000000001
        0.0000000005
        0.0000000001
        0.0000000005
        0.0000000001
        0.0000000005
        0.0000000001
        0.0000000005
        0.0000000001
        0.0000000005
        0.0000000001
        0.0000000005
        0.0000000001
        0.0000000005
        0.0000000001
        0.0000000006
        0.0000000001
        0.0000000006
        0.0000000001
        0.0000000006
        0.0000000001
        0.0000000006
        0.0000000001
        0.0000000006
        0.0000000001
        0.0000000006
        0.0000000001
        0.0000000006
        0.0000000001
        0.0000000006
        0.0000000001
        0.0000000006
        0.0000000001
        0.0000000007
        0.0000000001
        0.0000000007
        0.0000000001
        0.0000000007
        0.0000000001
        0.0000000007
        0.0000000001
        0.0000000007
        0.0000000001
        0.0000000007
        0.0000000001
        0.0000000008
        0.0000000001
        0.0000000008
        0.0000000001
        0.0000000008
        0.0000000001
        0.0000000008
        0.0000000001
        0.0000000008
        0.0000000001
        0.0000000009
        0.0000000001
        0.0000000009
        0.0000000001
        0.0000000009
        0.0000000001
        0.0000000009
        0.0000000001
        0.0000000010
        0.0000000001
        0.0000000010
        0.0000000001
        0.0000000010
        0.0000000001
        0.0000000010
        0.0000000001
        0.0000000011
        0.0000000001
        0.0000000011
        0.0000000001
        0.0000000012
        0.0000000001
        0.0000000012
        0.0000000001
        0.0000000013
        0.0000000001
        0.0000000013
        0.0000000001
        0.0000000014
        0.0000000001
        0.0000000014
        0.0000000001
        0.0000000015
        0.0000000001
        0.0000000016
        0.0000000001
        0.0000000016
        0.0000000001
        0.0000000017
        0.0000000001
        0.0000000018
        0.0000000001
        0.0000000019
        0.0000000001
        0.0000000021
        0.0000000001
        0.0000000022
        0.0000000001
        0.0000000024
        0.0000000001
        0.0000000025
        0.0000000001
        0.0000000028
        0.0000000001
        0.0000000030
        0.0000000001
        0.0000000034
        0.0000000001
        0.0000000037
        0.0000000001
        0.0000000042
        0.0000000001
        0.0000000049
        0.0000000001
        0.0000000058
        0.0000000001
        0.0000000071
        0.0000000001
        0.0000000091
        0.0000000001
        0.0000000127
        0.0000000001
        0.0000000212
        0.0000000001
        0.0000000637
