       40.7845764160
       17.1561679840
       10.2901983261
        6.8484067917
        7.9860472679
        8.2596979141
        2.7014069557
        5.1343436241
        9.1390514374
       19.5832767487
      480.7862548828
       19.8790683746
        9.0771303177
        5.5273385048
        2.4098167419
        8.3683223724
        7.9081735611
        6.9949145317
       10.4419136047
       16.5132274628
       40.7737541199
       17.8765087128
        9.9845705032
        6.7583184242
        8.1633930206
        7.9610033035
        3.6146206856
        3.6704034805
       10.8971967697
       15.5210390091
       32.9465179443
       15.5577411652
       11.2850704193
        4.2121005058
        3.1773898602
        7.9388761520
        8.0032434464
        7.1216702461
        9.7374601364
       16.6258754730
       40.7151947021
       17.9468307495
       10.4655208588
        6.6004381180
        8.1520118713
        8.0400009155
        3.6663758755
        3.4705038071
       11.0605010986
       14.4888925552
       33.8446502686
       13.4554023743
       12.6333961487
        3.3971633911
        3.8056266308
        7.6159343719
        8.1443014145
        7.2766251564
        8.9546175003
       16.9078998566
       40.6132049561
       17.8652591705
       11.2521152496
        6.4124813080
        8.0578804016
        8.3641910553
        3.0636191368
        4.3953280449
        9.5211410522
       17.0360698700
       32.5511779785
       15.7605466843
       11.8541879654
        4.1473870277
        3.3396897316
        7.6845912933
        8.0433979034
        7.3792786598
        8.9677200317
       16.4900646210
       40.4920158386
       18.4580917358
       11.2041454315
        6.2926554680
        8.1534738541
        8.2112655640
        3.6003530025
        3.5126144886
       10.5771007538
       14.4837942123
       33.8093261719
       12.0806999207
       13.8841924667
        2.8870890141
        4.2956976891
        7.2883462906
        8.2909040451
        7.5539979935
        8.0181913376
       17.0023288727
       40.3050727844
       18.3444824219
       12.1712770462
        6.0976142883
        8.0649538040
        8.6657209396
        2.8075649738
        4.8936138153
        8.3768358231
       18.2766551971
       31.8827953339
       16.2519531250
       12.2687387466
        4.2493457794
        3.3945415020
        7.4669027328
        8.0714378357
        7.6132330894
        8.3119640350
       16.3601036072
       40.1240730286
       19.1808700562
       11.8434581757
        5.9863238335
        8.1854734421
        8.3363647461
        3.6158726215
        3.5038981438
       10.1572628021
       14.4870986938
       33.6473808289
       10.9049663544
       15.0668964386
        2.4592552185
        4.7478275299
        6.9858083725
        8.4568939209
        7.8135108948
        7.1500296593
       17.1427459717
       39.8472824097
       19.0267143250
       13.0251731873
        5.7816858292
        8.1148471832
        8.9384374619
        2.6854565144
        5.3408198357
        7.3117814064
       19.3766136169
       31.0306224823
       16.8976440430
       12.6451034546
        4.4017901421
        3.4308071136
        7.2447090149
        8.1054315567
        7.8237347603
        7.6945290565
       16.2837333679
       39.6147804260
       20.0510654449
       12.4421195984
        5.6801991463
        8.2309465408
        8.4355649948
        3.6684112549
        3.4924132824
        9.7558727264
       14.5255088806
       33.3384399414
       10.0019369125
       16.2054443359
        2.0857920647
        5.1797852516
        6.6962127686
        8.6421155930
        8.0530614853
        6.3328237534
       17.3247642517
       39.2445297241
       19.8824825287
       13.8293056488
        5.4634003639
        8.1956386566
        9.1858549118
        2.6833372116
        5.7498388290
        6.3168258667
       20.3382415771
       30.0112915039
       17.6743488312
       12.9967384338
        4.5873064995
        3.4601838589
        7.0132212639
        8.1472682953
        8.0099344254
        7.1080369949
       16.2516593933
       38.9696960449
       21.0486011505
       13.0064344406
        5.3795924187
        8.2847852707
        8.5132226944
        3.7502775192
        3.4860591888
        9.3641738892
       14.5901374817
       32.8845062256
        9.4945802689
       17.2942752838
        1.7675877810
        5.5878024101
        6.4171004295
        8.8401374817
        8.2696466446
        5.5728430748
       17.5266151428
       38.5032424927
       20.8919353485
       14.5812568665
        5.1430397034
        8.2983026505
        9.4056272507
        2.7849717140
        6.1191611290
        5.3957419395
       21.1546401978
       28.8356151581
       18.5666503906
       13.3251256943
        4.7997918129
        3.4851183891
        6.7723398209
        8.1962614059
        8.1710700989
        6.5549945831
       16.2469806671
       38.1959877014
       22.1567230225
       13.5348052979
        5.0918784142
        8.3434419632
        8.5711717606
        3.8592922688
        3.4858033657
        8.9796743393
       14.6671810150
       32.2929840088
        9.4880819321
       18.3222885132
        1.5102523565
        5.9650878906
        6.1470179558
        9.0429925919
        8.4601879120
        4.8831028938
       17.7251777649
       37.6314620972
       22.0335941315
       15.2750930786
        4.8215413094
        8.4140005112
        9.5943908691
        2.9659471512
        6.4444546700
        4.5545644760
       21.8192806244
       27.5146713257
       19.5583839417
       13.6286439896
        5.0358004570
        3.5059463978
        6.5233650208
        8.2508440018
        8.3067178726
        6.0410661697
       16.2521362305
       37.3023300171
       23.3577709198
       14.0236845016
        4.8261632919
        8.4036293030
        8.6106662750
        3.9942271709
        3.4906938076
        8.6016616821
       14.7431392670
       31.5739402771
       10.0112180710
       19.2769203186
        1.3192757368
        6.3047642708
        5.8841371536
        9.2424306870
        8.6218519211
        4.2808871269
       17.8994426727
       36.6388053894
       23.2838611603
       15.9042615891
        4.5009107590
        8.5340185165
        9.7488670349
        3.2001690865
        6.7210159302
        3.7993190289
       22.3276233673
       26.0612277985
       20.6316814423
       13.9046239853
        5.2927131653
        3.5224876404
        6.2682471275
        8.3090353012
        8.4168663025
        5.5736088753
       16.2509975433
       36.2988586426
       24.6329250336
       14.4691486359
        4.5932621956
        8.4620790482
        8.6328697205
        4.1536736488
        3.4991998672
        8.2300949097
       14.8063077927
       30.7393264771
       11.0009241104
       20.1453571320
        1.1980370283
        6.6005821228
        5.6260347366
        9.4305133820
        8.7522630692
        3.7868981361
       18.0315551758
       35.5364532471
       24.6180019379
       16.4625511169
        4.1851072311
        8.6500749588
        9.8662843704
        3.4654276371
        6.9445586205
        3.1352860928
       22.6773700714
       24.4903869629
       21.7673549652
       14.1500816345
        5.5682420731
        3.5345225334
        6.0093436241
        8.3686437607
        8.5019283295
        5.1611795425
       16.2297077179
       35.1971054077
       25.9626560211
       14.8675308228
        4.4054737091
        8.5155248642
        8.6390256882
        4.3357462883
        3.5096905231
        7.8652606010
       14.8472404480
       29.8026161194
       12.3438158035
       20.9150962830
        1.1477062702
        6.8471345901
        5.3698310852
        9.5999794006
        8.8496732712
        3.4228186607
       18.1070518494
       34.3371276855
       26.0111503601
       16.9445590973
        3.8813500404
        8.7546167374
        9.9446029663
        3.7453086376
        7.1115293503
        2.5666558743
       22.8684024811
       22.8200855255
       22.9454708099
       14.3621177673
        5.8602900505
        3.5419602394
        5.7493071556
        8.4273843765
        8.5627470016
        4.8130826950
       16.1769676208
       34.0099334717
       27.3272113800
       15.2157907486
        4.2758560181
        8.5607509613
        8.6305093765
        4.5380692482
        3.5206298828
        7.5076675415
       14.8587837219
       28.7786388397
       13.9251384735
       21.5742626190
        1.1695573330
        7.0399479866
        5.1124882698
        9.7444629669
        8.9131069183
        3.2051241398
       18.1147804260
       33.0550994873
       27.4390487671
       17.3460121155
        3.6018445492
        8.8410482407
        9.9826574326
        4.0288429260
        7.2192721367
        2.0961940289
       22.9026584625
       21.0717639923
       24.1458721161
       14.5381927490
        6.1669340134
        3.5448925495
        5.4910244942
        8.4829654694
        8.6005840302
        4.5385527611
       16.0840377808
       32.7514762878
       28.7070407867
       15.5117950439
        4.2168197632
        8.5946588516
        8.6088600159
        4.7578682899
        3.5306601524
        7.1580238342
       14.8359346390
       27.6834163666
       15.6511526108
       22.1118621826
        1.2679296732
        7.1755294800
        4.8511972427
        9.8586330414
        8.9424848557
        3.1362078190
       18.0466499329
       31.7061691284
       28.8785095215
       17.6640205383
        3.3656587601
        8.9038667679
        9.9802570343
        4.3094396591
        7.2661118507
        1.7247312069
       22.7839851379
       19.2713699341
       25.3485755920
       14.6763782501
        6.4864315987
        3.5436153412
        5.2375597954
        8.5331468582
        8.6170997620
        4.3453888893
       15.9446096420
       31.4370536804
       30.0830974579
       15.7545795441
        4.2381920815
        8.6143331528
        8.5757837296
        4.9920964241
        3.5386323929
        6.8172392845
       14.7756090164
       26.5340461731
       17.4509468079
       22.5179843903
        1.4503827095
        7.2513990402
        4.5838294029
        9.9382619858
        8.9387331009
        3.1996688843
       17.8973464966
       30.3076820374
       30.3076820374
       17.8973464966
        3.1996688843
        8.9387331009
        9.9382619858
        4.5838294029
        7.2513990402
        1.4503827095
       22.5179843903
       17.4509468079
       26.5340461731
       14.7756090164
        6.8172392845
        3.5386323929
        4.9920964241
        8.5757837296
        8.6143331528
        4.2381920815
       15.7545795441
       30.0830974579
       31.4370536804
       15.9446096420
        4.3453888893
        8.6170997620
        8.5331468582
        5.2375597954
        3.5436153412
        6.4864315987
       14.6763782501
       25.3485755920
       19.2713699341
       22.7839851379
        1.7247312069
        7.2661118507
        4.3094396591
        9.9802570343
        8.9038667679
        3.3656587601
       17.6640205383
       28.8785095215
       31.7061691284
       18.0466499329
        3.1362078190
        8.9424848557
        9.8586330414
        4.8511972427
        7.1755294800
        1.2679296732
       22.1118621826
       15.6511526108
       27.6834163666
       14.8359346390
        7.1580238342
        3.5306601524
        4.7578682899
        8.6088600159
        8.5946588516
        4.2168197632
       15.5117950439
       28.7070407867
       32.7514762878
       16.0840377808
        4.5385527611
        8.6005840302
        8.4829654694
        5.4910244942
        3.5448925495
        6.1669340134
       14.5381927490
       24.1458721161
       21.0717639923
       22.9026584625
        2.0961940289
        7.2192721367
        4.0288429260
        9.9826574326
        8.8410482407
        3.6018445492
       17.3460121155
       27.4390487671
       33.0550994873
       18.1147804260
        3.2051241398
        8.9131069183
        9.7444629669
        5.1124882698
        7.0399479866
        1.1695573330
       21.5742626190
       13.9251384735
       28.7786388397
       14.8587837219
        7.5076675415
        3.5206298828
        4.5380692482
        8.6305093765
        8.5607509613
        4.2758560181
       15.2157907486
       27.3272113800
       34.0099334717
       16.1769676208
        4.8130826950
        8.5627470016
        8.4273843765
        5.7493071556
        3.5419602394
        5.8602900505
       14.3621177673
       22.9454708099
       22.8200855255
       22.8684024811
        2.5666558743
        7.1115293503
        3.7453086376
        9.9446029663
        8.7546167374
        3.8813500404
       16.9445590973
       26.0111503601
       34.3371276855
       18.1070518494
        3.4228186607
        8.8496732712
        9.5999794006
        5.3698310852
        6.8471345901
        1.1477062702
       20.9150962830
       12.3438158035
       29.8026161194
       14.8472404480
        7.8652606010
        3.5096905231
        4.3357462883
        8.6390256882
        8.5155248642
        4.4054737091
       14.8675308228
       25.9626560211
       35.1971054077
       16.2297077179
        5.1611795425
        8.5019283295
        8.3686437607
        6.0093436241
        3.5345225334
        5.5682420731
       14.1500816345
       21.7673549652
       24.4903869629
       22.6773700714
        3.1352860928
        6.9445586205
        3.4654276371
        9.8662843704
        8.6500749588
        4.1851072311
       16.4625511169
       24.6180019379
       35.5364532471
       18.0315551758
        3.7868981361
        8.7522630692
        9.4305133820
        5.6260347366
        6.6005821228
        1.1980370283
       20.1453571320
       11.0009241104
       30.7393264771
       14.8063077927
        8.2300949097
        3.4991998672
        4.1536736488
        8.6328697205
        8.4620790482
        4.5932621956
       14.4691486359
       24.6329250336
       36.2988586426
       16.2509975433
        5.5736088753
        8.4168663025
        8.3090353012
        6.2682471275
        3.5224876404
        5.2927131653
       13.9046239853
       20.6316814423
       26.0612277985
       22.3276233673
        3.7993190289
        6.7210159302
        3.2001690865
        9.7488670349
        8.5340185165
        4.5009107590
       15.9042615891
       23.2838611603
       36.6388053894
       17.8994426727
        4.2808871269
        8.6218519211
        9.2424306870
        5.8841371536
        6.3047642708
        1.3192757368
       19.2769203186
       10.0112180710
       31.5739402771
       14.7431392670
        8.6016616821
        3.4906938076
        3.9942271709
        8.6106662750
        8.4036293030
        4.8261632919
       14.0236845016
       23.3577709198
       37.3023300171
       16.2521362305
        6.0410661697
        8.3067178726
        8.2508440018
        6.5233650208
        3.5059463978
        5.0358004570
       13.6286439896
       19.5583839417
       27.5146713257
       21.8192806244
        4.5545644760
        6.4444546700
        2.9659471512
        9.5943908691
        8.4140005112
        4.8215413094
       15.2750930786
       22.0335941315
       37.6314620972
       17.7251777649
        4.8831028938
        8.4601879120
        9.0429925919
        6.1470179558
        5.9650878906
        1.5102523565
       18.3222885132
        9.4880819321
       32.2929840088
       14.6671810150
        8.9796743393
        3.4858033657
        3.8592922688
        8.5711717606
        8.3434419632
        5.0918784142
       13.5348052979
       22.1567230225
       38.1959877014
       16.2469806671
        6.5549945831
        8.1710700989
        8.1962614059
        6.7723398209
        3.4851183891
        4.7997918129
       13.3251256943
       18.5666503906
       28.8356151581
       21.1546401978
        5.3957419395
        6.1191611290
        2.7849717140
        9.4056272507
        8.2983026505
        5.1430397034
       14.5812568665
       20.8919353485
       38.5032424927
       17.5266151428
        5.5728430748
        8.2696466446
        8.8401374817
        6.4171004295
        5.5878024101
        1.7675877810
       17.2942752838
        9.4945802689
       32.8845062256
       14.5901374817
        9.3641738892
        3.4860591888
        3.7502775192
        8.5132226944
        8.2847852707
        5.3795924187
       13.0064344406
       21.0486011505
       38.9696960449
       16.2516593933
        7.1080369949
        8.0099344254
        8.1472682953
        7.0132212639
        3.4601838589
        4.5873064995
       12.9967384338
       17.6743488312
       30.0112915039
       20.3382415771
        6.3168258667
        5.7498388290
        2.6833372116
        9.1858549118
        8.1956386566
        5.4634003639
       13.8293056488
       19.8824825287
       39.2445297241
       17.3247642517
        6.3328237534
        8.0530614853
        8.6421155930
        6.6962127686
        5.1797852516
        2.0857920647
       16.2054443359
       10.0019369125
       33.3384399414
       14.5255088806
        9.7558727264
        3.4924132824
        3.6684112549
        8.4355649948
        8.2309465408
        5.6801991463
       12.4421195984
       20.0510654449
       39.6147804260
       16.2837333679
        7.6945290565
        7.8237347603
        8.1054315567
        7.2447090149
        3.4308071136
        4.4017901421
       12.6451034546
       16.8976440430
       31.0306224823
       19.3766136169
        7.3117814064
        5.3408198357
        2.6854565144
        8.9384374619
        8.1148471832
        5.7816858292
       13.0251731873
       19.0267143250
       39.8472824097
       17.1427459717
        7.1500296593
        7.8135108948
        8.4568939209
        6.9858083725
        4.7478275299
        2.4592552185
       15.0668964386
       10.9049663544
       33.6473808289
       14.4870986938
       10.1572628021
        3.5038981438
        3.6158726215
        8.3363647461
        8.1854734421
        5.9863238335
       11.8434581757
       19.1808700562
       40.1240730286
       16.3601036072
        8.3119640350
        7.6132330894
        8.0714378357
        7.4669027328
        3.3945415020
        4.2493457794
       12.2687387466
       16.2519531250
       31.8827953339
       18.2766551971
        8.3768358231
        4.8936138153
        2.8075649738
        8.6657209396
        8.0649538040
        6.0976142883
       12.1712770462
       18.3444824219
       40.3050727844
       17.0023288727
        8.0181913376
        7.5539979935
        8.2909040451
        7.2883462906
        4.2956976891
        2.8870890141
       13.8841924667
       12.0806999207
       33.8093261719
       14.4837942123
       10.5771007538
        3.5126144886
        3.6003530025
        8.2112655640
        8.1534738541
        6.2926554680
       11.2041454315
       18.4580917358
       40.4920158386
       16.4900646210
        8.9677200317
        7.3792786598
        8.0433979034
        7.6845912933
        3.3396897316
        4.1473870277
       11.8541879654
       15.7605466843
       32.5511779785
       17.0360698700
        9.5211410522
        4.3953280449
        3.0636191368
        8.3641910553
        8.0578804016
        6.4124813080
       11.2521152496
       17.8652591705
       40.6132049561
       16.9078998566
        8.9546175003
        7.2766251564
        8.1443014145
        7.6159343719
        3.8056266308
        3.3971633911
       12.6333961487
       13.4554023743
       33.8446502686
       14.4888925552
       11.0605010986
        3.4705038071
        3.6663758755
        8.0400009155
        8.1520118713
        6.6004381180
       10.4655208588
       17.9468307495
       40.7151947021
       16.6258754730
        9.7374601364
        7.1216702461
        8.0032434464
        7.9388761520
        3.1773898602
        4.2121005058
       11.2850704193
       15.5577411652
       32.9465179443
       15.5210390091
       10.8971967697
        3.6704034805
        3.6146206856
        7.9610033035
        8.1633930206
        6.7583184242
        9.9845705032
       17.8765087128
       40.7737541199
       16.5132274628
       10.4419136047
        6.9949145317
        7.9081735611
        8.3683223724
        2.4098167419
        5.5273385048
        9.0771303177
       19.8790683746
      480.7862548828
       19.5832767487
        9.1390514374
        5.1343436241
        2.7014069557
        8.2596979141
        7.9860472679
        6.8484067917
       10.2901983261
       17.1561679840
