1.00000000000000000000
0.99004983374916810668
0.98019867330675525263
0.97044553354850815463
0.96078943915232317696
0.95122942450071401588
0.94176453358424871976
0.93239381990594827343
0.92311634638663575547
0.91393118527122818584
0.90483741803595951758
0.89583413529652822227
0.88692043671715747877
0.87809543092056130398
0.86935823539880585642
0.86070797642505780800
0.85214378896621134629
0.84366481659638370427
0.83527021141127200110
0.82695913394336229008
0.81873075307798182099
0.81058424597018707836
0.80251879796247849175
0.79453360250333404657
0.78662786106655346874
0.77880078307140487848
0.77105158580356625286
0.76337949433685314826
0.75578374145572546627
0.74826356757856515856
0.74081822068171787610
0.73344695622428923709
0.72614903707369093944
0.71892373343192617074
0.71177032276260965293
0.70468808971871343960
0.69767632607103102771
0.69073433063735467652
0.68386140921235583079
0.67705687449816465140
0.67032004603563932754
0.66365025013631939732
0.65704681981505674848
0.65050909472331652772
0.64403642108314140824
0.63762815162177333139
0.63128364550692595003
0.62500226828270077917
0.61878339180614083670
0.61262639418441611205
0.60653065971263342426
0.60049557881226589551
0.59452054797019437959
0.58860496967835518323
0.58274825237398963917
0.57694981038048664956
0.57120906384881486861
0.56552543869953708633
0.55989836656540203919
0.55432728473450698647
0.54881163609402638937
0.54335086907449980931
0.53794443759467447386
0.53259180100689718085
0.52729242404304854652
0.52204577676101604489
0.51685133449169917697
0.51170857778654244008
0.50661699236558954684
0.50157606906605545216
0.49658530379140947142
0.49164419746096504893
0.48675225595997162475
0.48190899009020243815
0.47711391552103438185
0.47236655274101468915
0.46766642700990923576
0.46301306831122807095
0.45840601130522351525
0.45384479528235582846
0.44932896411722156316
0.44485806622294110646
0.44043165450599924826
0.43604928632153555634
0.43171052342907967336
0.42741493194872665073
0.42316208231774876669
0.41895154924763894355
0.41478291168158143432
0.41065575275234550423
0.40656965974059916524
0.40252422403363602443
0.39851904108451419173
0.39455371037160114067
0.39062783535852113603
0.38674102345450123153
0.38289288597511206280
0.37908303810339882833
0.37531109885139957161
0.37157669102204571310
0.36787944117144233402
0.36421897957152332692
0.36059494017307830438
0.35700696056914738019
0.35345468195878015916
0.34993774911115532733
0.34645581033005740101
0.34300851741870663769
0.33959552564493911131
0.33621649370673334367
0.33287108369807955066
0.32955896107518906080
0.32627979462303946523
0.32303325642225289016
0.31981902181630383897
0.31663676937905316233
0.31348618088260526982
0.31036694126548497463
0.30727873860113119608
0.30422126406670402243
0.30119421191220213663
0.29819727942988738523
0.29523016692401421457
0.29229257768085942226
0.28938421793905061419
0.28650479686019009185
0.28365402649977039529
0.28083162177837978080
0.27803730045319413611
0.27527078308975233556
0.27253179303401259270
0.26982005638468681274
0.26713530196585033583
0.26447726129982396248
0.26184566858032598535
0.25924026064589150709
0.25666077695355588029
0.25410695955280027114
0.25157855305975646010
0.24907530463166815959
0.24659696394160643407
0.24414328315343705733
0.24171401689703642113
0.23930892224375449606
0.23692775868212170853
0.23457028809379765200
0.23223627472975882924
0.22992548518672384361
0.22763768838381273629
0.22537265553943872098
0.22313016014842981805
0.22090997795937819537
0.21871188695221474574
0.21653566731600706885
0.21438110142697794358
0.21224797382674304158
0.21013607120076471801
0.20804518235702046391
0.20597509820488343890
0.20392561173421341891
0.20189651799465538340
0.19988761407514449298
0.19789869908361465423
0.19592957412690933938
0.19398004229089188533
0.19204990862075407843
0.19013898010152049944
0.18824706563874674115
0.18637397603940994428
0.18451952399298923724
0.18268352405273460826
0.18086579261712204536
0.17906614791149319532
0.17728440996987776535
0.17552040061699683560
0.17377394345044508417
0.17204486382305056447
0.17033298882540942598
0.16863814726859555071
0.16696016966704069207
0.16529888822158655959
0.16365413680270404773
0.16202575093388080218
0.16041356777517273846
0.15881742610692070605
0.15723716631362760765
0.15567263036799733333
0.15412366181513140195
0.15259010575688389255
0.15107180883637083557
0.14956861922263506304
0.14808038659546243765
0.14660696213035015467
0.14514819848362370269
0.14370394977770292733
0.14227407158651353414
0.14085842092104500223
0.13945685621505091167
0.13806923731089282281
0.13669542544552382157
0.13533528323661270232
0.13398867466880493016
0.13265546508012171500
0.13133552114849303405
0.13002871087842590714
0.12873490358780417808
0.12745396989482074557
0.12618578170503871871
0.12493021219858241322
0.12368713581745482966
0.12245642825298190537
0.12123796643338168033
0.12003162851145672552
0.11883729385240965337
0.11765484302177918463
0.11648415777349696576
0.11532512103806251413
0.11417761691083649911
0.11304153064044984711
0.11191674861732887891
0.11080315836233387006
0.10970064851551140916
0.10860910882495795893
0.10752843013579495290
0.10645850437925280518
0.10539922456186433253
0.10435048475476499386
0.10331218008310019685
0.10228420671553743737
0.10126646185388339660
0.10025884372280370604
0.09926125155964565794
0.09827358560436150192
0.09729574708953275808
0.09632763823049299290
0.09536916221554961326
0.09442022319630230531
0.09348072627805846524
0.09255057751034324875
0.09162968387750483612
0.09071795328941251180
0.08981529457224762814
0.08892161745938634287
0.08803683258237259002
0.08716085146198129796
0.08629358649937049486
0.08543495096732123262
0.08458485900156473281
0.08374322559219596340
0.08290996657517266111
0.08208499862389879997
0.08126823924089170148
0.08045960674953243907
0.07965902028589801065
0.07886639979067494588
0.07808166600115316880
0.07730474044329974093
0.07653554542391148574
0.07577400402284548142
0.07502004008532697776
0.07427357821433387686
0.07353454376305706974
0.07280286282743558823
0.07207846223876610003
0.07136126955638605329
0.07065121306042956850
0.06994822174465535614
0.06925222530934599385
0.06856315415427791105
0.06788093937176141457
0.06720551273974975648
0.06653680671501685517
0.06587475442640294832
0.06521928966812749751
0.06457034689316847043
0.06392786120670757022
0.06329176835964070436
0.06266200474215312399
0.06203850737735829013
0.06142121391500012656
0.06081006262521795186
0.06020499239237351446
0.05960594270893933982
0.05901285366944784144
0.05842566596450080030
0.05784432087483843549
0.05726876026546733056
0.05669892657984690332
0.05613476283413370432
0.05557621261148308622
0.05502322005640723074
0.05447572986918988031
0.05393368730035601882
0.05339703814519710517
0.05286572873835036768
0.05233970594843240925
0.05181891717272583270
0.05130331033191913581
0.05079283386489850255
0.05028743672359188566
0.04978706836786394446
0.04929167876046217089
0.04880121836201296165
0.04831563812606778918
0.04783488949419836822
0.04735892439114092883
0.04688769521998848583
0.04642115485743127101
0.04595925664904420421
0.04550195440462156959
0.04504920239355780093
0.04460095534027453540
0.04415716841969286044
0.04371779725275094092
0.04328279790196589566
0.04285212686704018697
0.04242574108051138521
0.04200359790344555116
0.04158565512117316093
0.04117187093906773954
0.04076220397836621129
0.04035661327203114712
0.03995505826065389593
0.03955749878839872474
0.03916389509898706572
0.03877420783172200874
0.03838839801755205422
0.03800642707517431357
0.03762825680717619969
0.03725384939621580876
0.03688316740123999404
0.03651617375374040242
0.03615283175404641197
0.03579310506765529670
0.03543695772159862617
0.03508435410084502493
0.03473525894473854930
0.03438963734347270929
0.03404745473459933058
0.03370867689957239566
0.03337326996032606574
0.03304120037588693243
0.03271243493901979799
0.03238694077290703993
0.03206468532786075493
0.03174563637806793875
0.03142976201836769623
0.03111703066106085921
0.03080741103275106210
0.03050087217121748295
0.03019738342231848699
0.02989691443692630776
0.02959943516789201312
0.02930491586704075946
0.02901332708219705320
0.02872463965423943319
0.02843882471418451852
0.02815585368030010596
0.02787569825524701533
0.02759833042324928709
0.02732372244729256924
0.02705184686635041594
0.02678267649263817510
0.02651618440889418060
0.02625234396568797146
0.02599112877875534716
0.02573251272635994000
0.02547646994668101642
0.02522297483522722289
0.02497200204227615489
0.02472352647033938811
0.02447752327165267014
0.02423396784569112339
0.02399283583670917472
0.02375410313130499676
0.02351774585600910697
0.02328374037489700996
0.02305206328722557083
0.02282269142509297036
0.02259560185112186384
0.02237077185616560132
0.02214817895703731498
0.02192780089426160997
0.02170961562984857068
0.02149360134508992298
0.02127973643837716838
0.02106799952304142312
0.02085836942521471574
0.02065082518171256626
0.02044534603793765268
0.02024191144580438084
0.02004050106168401429
0.01984109474437028772
0.01964367255306529239
0.01944821474538538375
0.01925470177538692040
0.01906311429161163667
0.01887343313515148571
0.01868563933773276231
0.01849971411981924177
0.01831563888873417867
0.01813339523680107535
0.01795296493950284886
0.01777432995365944152
0.01759747241562339276
0.01742237463949350071
0.01724901911534626464
0.01707738850748479267
0.01690746565270527871
0.01673923355858063233
0.01657267540176123738
0.01640777452629264485
0.01624451444194987063
0.01608287882258841936
0.01592285150451168418
0.01576441648485448627
0.01560755791998283057
0.01545226012390951524
0.01529850756672551833
0.01514628487304699178
0.01499557682047770318
0.01484636833808683151
0.01469864450490178387
0.01455239054841613554
0.01440759184311234987
0.01426423390899925550
0.01412230241016396159
0.01398178315333830843
0.01384266208647950101
0.01370492529736494491
0.01356855901220093384
0.01343354959424531390
0.01329988354244376718
0.01316754749007975102
0.01303652820343773576
0.01290681258047987265
0.01277838764953576067
0.01265124056800530535
0.01252535862107438495
0.01240072922044340581
0.01227733990306843596
0.01215517832991493477
0.01203423228472377468
0.01191448967278964724
0.01179593851975156184
0.01167856697039544242
0.01156236328746853594
0.01144731585050571057
0.01133341315466738705
0.01122064380958908390
0.01110899653824230608
0.01099846017580688104
0.01088902366855444039
0.01078067607274308358
0.01067340655352292528
0.01056720438385265470
0.01046205894342679479
0.01035795971761369581
0.01025489629640402231
0.01015285837336976291
0.01005183574463357557
0.00995181830784841980
0.00985279606118725712
0.00975475910234290325
0.00965769762753776809
0.00956160193054350453
0.00946646240171032313
0.00937226952700605763
0.00927901388706473505
0.00918668615624466424
0.00909527710169581553
0.00900477758243655932
0.00891517854843954481
0.00882647103972672258
0.00873864618547329046
0.00865169520312063407
0.00856560939749805364
0.00848038015995325987
0.00839599896749147062
0.00831245738192311866
0.00822974704902003015
0.00814785969767998879
0.00806678713909961438
0.00798652126595550231
0.00790705405159344149
0.00782837754922577345
0.00775048389113669901
0.00767336528789548927
0.00759701402757756699
0.00752142247499327024
0.00744658307092433813
0.00737248833136801198
0.00729913084678858286
0.00722650328137646250
0.00715459837231458527
0.00708340892905211846
0.00701292783258542461
0.00694314803474611452
0.00687406255749624818
0.00680566449223054312
0.00673794699908546700
0.00667090330625527434
0.00660452670931481120
0.00653881057054906366
0.00647374831828940490
0.00640933344625638311
0.00634555951290910990
0.00628242014080111766
0.00621990901594257281
0.00615801988716889719
0.00609674656551563790
0.00603608292359956479
0.00597602289500594273
0.00591656047368185715
0.00585768971333561726
0.00579940472684214135
0.00574169968565420210
0.00568456881921959502
0.00562800641440406538
0.00557200681491999261
0.00551656442076077155
0.00546167368764077874
0.00540732912644095471
0.00535352530265990282
0.00530025683587040213
0.00524751839918138462
0.00519530471870523116
0.00514361057303037907
0.00509243079269919036
0.00504176025969097896
0.00499159390691021262
0.00494192671767981762
0.00489275372523947580
0.00484407001224896726
0.00479587071029642133
0.00474815099941147331
0.00470090610758327598
0.00465413131028327189
0.00460782192999274840
0.00456197333573509205
0.00451658094261266595
0.00447164021134833188
0.00442714664783151138
0.00438309580266877177
0.00433948327073889473
0.00429630469075233980
0.00425355574481512191
0.00421123215799703091
0.00416932969790411150
0.00412784417425543591
0.00408677143846406660
0.00404610738322219547
0.00400584794209041684
0.00396598908909106488
0.00392652683830562073
0.00388745724347612683
0.00384877639761053948
0.00381048043259203705
0.00377256551879220524
0.00373502786468806434
0.00369786371648292899
0.00366106935773100528
0.00362464110896575271
0.00358857532733194420
0.00355286840622135846
0.00351751677491212843
0.00348251689821166320
0.00344786527610312348
0.00341355844339542728
0.00337959296937671242
0.00334596545747126899
0.00331267254489988998
0.00327971090234357001
0.00324707723361058629
0.00321476827530686998
0.00318278079650966429
0.00315111159844443838
0.00311975751416499478
0.00308871540823677177
0.00305798217642331031
0.00302755474537581533
0.00299743007232583123
0.00296760514478094668
0.00293807698022355030
0.00290884262581258407
0.00287989915808824302
0.00285124368267963444
0.00282287333401533844
0.00279478527503684371
0.00276697669691485090
0.00273944481876837054
0.00271218688738664344
0.00268520017695382052
0.00265848198877636707
0.00263202965101320052
0.00260584051840850048
0.00257991197202717994
0.00255424141899299835
0.00252882629222925780
0.00250366405020209992
0.00247875217666635849
0.00245408818041391698
0.00242966959502459749
0.00240549397861951168
0.00238155891361687072
0.00235786200649023290
0.00233440088752913518
0.00231117321060212919
0.00228817665292216929
0.00226540891481432196
0.00224286771948580335
0.00222055081279829564
0.00219845596304253134
0.00217658096071512552
0.00215492361829761492
0.00213348177003770808
0.00211225327173271415
0.00209123600051511031
0.00207042785464026059
0.00204982675327623721
0.00202943063629573402
0.00200923746407006025
0.00198924521726516349
0.00196945189663970139
0.00194985552284512062
0.00193045413622770930
0.00191124579663263768
0.00189222858320993968
0.00187340059422242333
0.00185475994685550317
0.00183630477702890712
0.00181803323921027131
0.00179994350623059111
0.00178203376910149162
0.00176430223683433549
0.00174674713626111968
0.00172936671185715566
0.00171215922556552285
0.00169512295662325053
0.00167825620138924636
0.00166155727317393392
0.00164502450207057471
0.00162865623478828064
0.00161245083448668361
0.00159640668061224742
0.00158052216873621706
0.00156479571039416657
0.00154922573292715494
0.00153381067932446304
0.00151854900806788350
0.00150343919297757237
0.00148847972305942941
0.00147366910235399479
0.00145900584978685848
0.00144448849902054327
0.00143011559830787311
0.00141588571034680219
0.00140179741213667438
0.00138784929483592892
0.00137403996362121176
0.00136036803754789278
0.00134683214941197353
0.00133343094561335935
0.00132016308602050133
0.00130702724383638630
0.00129402210546584800
0.00128114637038421130
0.00126839875100723883
0.00125577797256236834
0.00124328277296124044
0.00123091190267348100
0.00121866412460175117
0.00120653821395803949
0.00119453295814117523
0.00118264715661557272
0.00117087962079117443
0.00115922917390459028
0.00114769465090142531
0.00113627489831976585
0.00112496877417483628
0.00111377514784480238
0.00110269289995770185
0.00109172092227951081
0.00108085811760331844
0.00107010339963960351
0.00105945569290760906
0.00104891393262778821
0.00103847706461532708
0.00102814404517472891
0.00101791384099543763
0.00100778542904851045
0.00099775779648431204
0.00098782994053122860
0.00097800086839539371
0.00096826959716140172
0.00095863515369401899
0.00094909657454087188
0.00093965290583609528
0.00093030320320494902
0.00092104653166937846
0.00091188196555451538
0.00090280858839611271
0.00089382549284889267
0.00088493178059581383
0.00087612656225824254
0.00086740895730700251
0.00085877809397433725
0.00085023310916672019
0.00084177314837854901
0.00083339736560669644
0.00082510492326590460
0.00081689499210502907
0.00080876675112411217
0.00080071938749228140
0.00079275209646646912
0.00078486408131093230
0.00077705455321758156
0.00076932273122710081
0.00076166784215084726
0.00075408912049353409
0.00074658580837667985
0.00073915715546281964
0.00073180241888047277
0.00072452086314985127
0.00071731176010931348
0.00071017438884254903
0.00070310803560648285
0.00069611199375990262
0.00068918556369279365
0.00068232805275637658
0.00067553877519384439
0.00066881705207178237
0.00066216221121227639
0.00065557358712569583
0.00064905052094414110
0.00064259236035555788
0.00063619845953850570
0.00062986817909757402
0.00062360088599944447
0.00061739595350958397
0.00061125276112957230
0.00060517069453505320
0.00059914914551429809
0.00059318751190738704
0.00058728519754599128
0.00058144161219375557
0.00057565617148727611
0.00056992829687766040
0.00056425741557267380
0.00055864296047946108
0.00055308437014783363
0.00054758108871412611
0.00054213256584560905
0.00053673825668545483
0.00053139762179825294
0.00052611012711606376
0.00052087524388501219
0.00051569244861241381
0.00051056122301442180
0.00050548105396420030
0.00050045143344061083
0.00049547185847740932
0.00049054183111295053
0.00048566085834038923
0.00048082845205838030
0.00047604412902226933
0.00047130741079576537
0.00046661782370309841
0.00046197489878165130
0.00045737817173506230
0.00045282718288679695
0.00044832147713417755
0.00044386060390287364
0.00043944411710184546
0.00043507157507873212
0.00043074254057568753
0.00042645658068565383
0.00042221326680906996
0.00041801217461101293
0.00041385288397876164
0.00040973497897978643
0.00040565804782015651
0.00040162168280335808
0.00039762548028952584
0.00039366904065507829
0.00038975196825275448
0.00038587387137205064
0.00038203436220004671
0.00037823305678262543
0.00037446957498607801
0.00037074354045908822
0.00036705458059509838
0.00036340232649504782
0.00035978641293048274
0.00035620647830703403
0.00035266216462825575
0.00034915311745982610
0.00034567898589410467
0.00034223942251503938
0.00033883408336342612
0.00033546262790251185
0.00033212471898394095
0.00032882002281403995
0.00032554820892043742
0.00032230895011901855
0.00031910192248120326
0.00031592680530155527
0.00031278328106571065
0.00030967103541862623
0.00030658975713314368
0.00030353913807886623
0.00030051887319134735
0.00029752866044158079
0.00029456820080579982
0.00029163719823557371
0.00028873535962820301
0.00028586239479740869
0.00028301801644431358
0.00028020194012871202
0.00027741388424062523
0.00027465356997214205
0.00027192072128953476
0.00026921506490565784
0.00026653633025261806
0.00026388424945471793
0.00026125855730166754
0.00025865899122206302
0.00025608529125713107
0.00025353720003472996
0.00025101446274361402
0.00024851682710795185
0.00024604404336209853
0.00024359586422561879
0.00024117204487855885
0.00023877234293696414
0.00023639651842864072
0.00023404433376915794
0.00023171555373808968
0.00022940994545549213
0.00022712727835861536
0.00022486732417884819
0.00022262985691888897
0.00022041465283014714
0.00021822149039036782
0.00021605015028147939
0.00021390041536766149
0.00021177207067363130
0.00020966490336314577
0.00020757870271771752
0.00020551326011554428
0.00020346836901064417
0.00020144382491220269
0.00019943942536412282
0.00019745496992477945
0.00019549026014697491
0.00019354509955809383
0.00019161929364045703
0.00018971264981186754
0.00018782497740635362
0.00018595608765510169
0.00018410579366757919
0.00018227391041284545
0.00018046025470104844
0.00017866464516510557
0.00017688690224256659
0.00017512684815765842
0.00017338430690350557
0.00017165910422453046
0.00016995106759902750
0.00016826002622191084
0.00016658581098763354
0.00016492825447327666
0.00016328719092180806
0.00016166245622550477
0.00016005388790954318
0.00015846132511575126
0.00015688460858652242
0.00015532358064888985
0.00015377808519875894
0.00015224796768529672
0.00015073307509547650
0.00014923325593877739
0.00014774836023203364
0.00014627823948443712
0.00014482274668268800
0.00014338173627629318
0.00014195506416301115
0.00014054258767444143
0.00013914416556175865
0.00013775965798158590
0.00013638892648201140
0.00013503183398874292
0.00013368824479140023
0.00013235802452994389
0.00013104104018123928
0.00012973716004575404
0.00012844625373438780
0.00012716819215543410
0.00012590284750166984
0.00012465009323757510
0.00012340980408667956
0.00012218185601903451
0.00012096612623880994
0.00011976249317201447
0.00011857083645433882
0.00011739103691911796
0.00011622297658541522
0.00011506653864622381
0.00011392160745678613
0.00011278806852302912
0.00011166580849011478
0.00011055471513110460
0.00010945467733573657
0.00010836558509931485
0.00010728732951170800
0.00010621980274645875
0.00010516289805000093
0.00010411650973098415
0.00010308053314970452
0.00010205486470764041
0.00010103940183709324
0.00010003404299092957
0.00009903868763242697
0.00009805323622522013
0.00009707759022334712
0.00009611165206139469
0.00009515532514474172
0.00009420851383989959
0.00009327112346494864
0.00009234306028007055
0.00009142423147817327
0.00009051454517561092
0.00008961391040299518
0.00008872223709609823
0.00008783943608684635
0.00008696541909440277
0.00008610009871634020
0.00008524338841989959
0.00008439520253333736
0.00008355545623735804
0.00008272406555663223
0.00008190094735139904
0.00008108601930915200
0.00008027919993640778
0.00007948040855055663
0.00007868956527179456
0.00007790659101513453
0.00007713140748249839
0.00007636393715488688
0.00007560410328462769
0.00007485182988770060
0.00007410704173613886
0.00007336966435050696
0.00007263962399245168
0.00007191684765732888
0.00007120126306690273
0.00007049279866211783
0.00006979138359594336
0.00006909694772628816
0.00006840942160898655
0.00006772873649085390
0.00006705482430281112
0.00006638761765307784
0.00006572704982043307
0.00006507305474754294
0.00006442556703435542
0.00006378452193155948
0.00006314985533411063
0.00006252150377482026
0.00006189940441800879
0.00006128349505322213
0.00006067371408901055
0.00006007000054676947
0.00005947229405464145
0.00005888053484147942
0.00005829466373086881
0.00005771462213521033
0.00005714035204986106
0.00005657179604733388
0.00005600889727155477
0.00005545159943217695
0.00005489984679895225
0.00005435358419615749
0.00005381275699707714
0.00005327731111854062
0.00005274719301551385
0.00005222234967574478
0.00005170272861446205
0.00005118827786912652
0.00005067894599423484
0.00005017468205617528
0.00004967543562813372
0.00004918115678505129
0.00004869179609863181
0.00004820730463239883
0.00004772763393680197
0.00004725273604437187
0.00004678256346492370
0.00004631706918080762
0.00004585620664220731
0.00004539992976248485
