0.00000000000000000000
0.06279051952931337388
0.12533323356430425832
0.18738131458572462873
0.24868988716485479484
0.30901699437494739575
0.36812455268467797476
0.42577929156507265951
0.48175367410171532345
0.53582679497899665666
0.58778525229247313710
0.63742398974868963446
0.68454710592868872610
0.72896862742141155245
0.77051324277578925326
0.80901699437494745126
0.84432792550201507531
0.87630668004386369496
0.90482705246601957683
0.92977648588825134723
0.95105651629515353118
0.96858316112863107605
0.98228725072868861012
0.99211470131447787590
0.99802672842827155897
1.00000000000000000000
0.99802672842827155897
0.99211470131447787590
0.98228725072868872115
0.96858316112863107605
0.95105651629515364220
0.92977648588825134723
0.90482705246601946580
0.87630668004386347292
0.84432792550201496429
0.80901699437494745126
0.77051324277578925326
0.72896862742141177449
0.68454710592868883712
0.63742398974868985650
0.58778525229247324813
0.53582679497899665666
0.48175367410171521243
0.42577929156507249298
0.36812455268467814129
0.30901699437494750677
0.24868988716485482260
0.18738131458572457322
0.12533323356430409179
0.06279051952931358205
0.00000000000000012246
-0.06279051952931334613
-0.12533323356430428608
-0.18738131458572432342
-0.24868988716485457280
-0.30901699437494728473
-0.36812455268467791925
-0.42577929156507265951
-0.48175367410171537896
-0.53582679497899676768
-0.58778525229247302608
-0.63742398974868963446
-0.68454710592868872610
-0.72896862742141133040
-0.77051324277578936428
-0.80901699437494734024
-0.84432792550201529735
-0.87630668004386358394
-0.90482705246601979887
-0.92977648588825145826
-0.95105651629515353118
-0.96858316112863118708
-0.98228725072868872115
-0.99211470131447776488
-0.99802672842827155897
-1.00000000000000000000
-0.99802672842827155897
-0.99211470131447787590
-0.98228725072868872115
-0.96858316112863107605
-0.95105651629515364220
-0.92977648588825123621
-0.90482705246601957683
-0.87630668004386336190
-0.84432792550201496429
-0.80901699437494756229
-0.77051324277578903121
-0.72896862742141155245
-0.68454710592868894814
-0.63742398974869030059
-0.58778525229247335915
-0.53582679497899710075
-0.48175367410171532345
-0.42577929156507299258
-0.36812455268467786373
-0.30901699437494761780
-0.24868988716485448953
-0.18738131458572468424
-0.12533323356430464690
-0.06279051952931326286
-0.00000000000000024493
0.06279051952931366531
0.12533323356430417506
0.18738131458572507282
0.24868988716485487811
0.30901699437494717371
0.36812455268467736413
0.42577929156507254849
0.48175367410171487936
0.53582679497899665666
0.58778525229247291506
0.63742398974868985650
0.68454710592868861507
0.72896862742141121938
0.77051324277578925326
0.80901699437494722922
0.84432792550201518633
0.87630668004386358394
0.90482705246601968785
0.92977648588825145826
0.95105651629515353118
0.96858316112863096503
0.98228725072868861012
0.99211470131447776488
0.99802672842827155897
1.00000000000000000000
0.99802672842827155897
0.99211470131447787590
0.98228725072868861012
0.96858316112863107605
0.95105651629515364220
0.92977648588825168030
0.90482705246601924376
0.87630668004386336190
0.84432792550201507531
0.80901699437494767331
0.77051324277578858712
0.72896862742141099734
0.68454710592868839303
0.63742398974868974548
0.58778525229247335915
0.53582679497899565746
0.48175367410171465732
0.42577929156507232644
0.36812455268467797476
0.30901699437494778433
0.24868988716485548873
0.18738131458572568344
0.12533323356430567386
0.06279051952931338776
0.00000000000000036739
-0.06279051952931265224
-0.12533323356430317586
-0.18738131458572321320
-0.24868988716485476709
-0.30901699437494706268
-0.36812455268467725311
-0.42577929156507166031
-0.48175367410171554550
-0.53582679497899654564
-0.58778525229247280404
-0.63742398974868907935
-0.68454710592868917018
-0.72896862742141177449
-0.77051324277578925326
-0.80901699437494722922
-0.84432792550201563042
-0.87630668004386391701
-0.90482705246601968785
-0.92977648588825134723
-0.95105651629515342016
-0.96858316112863140912
-0.98228725072868883217
-0.99211470131447787590
-0.99802672842827155897
-1.00000000000000000000
-0.99802672842827155897
-0.99211470131447798693
-0.98228725072868894319
-0.96858316112863118708
-0.95105651629515375323
-0.92977648588825168030
-0.90482705246602002092
-0.87630668004386436110
-0.84432792550201507531
-0.80901699437494767331
-0.77051324277578969735
-0.72896862742141232960
-0.68454710592868850405
-0.63742398974868974548
-0.58778525229247347017
-0.53582679497899732279
-0.48175367410171476834
-0.42577929156507243746
-0.36812455268467808578
-0.30901699437494789535
-0.24868988716485559975
-0.18738131458572404586
-0.12533323356430400852
-0.06279051952931351266
-0.00000000000000048986
0.06279051952931430369
0.12533323356430481343
0.18738131458572485077
0.24868988716485465607
0.30901699437494861700
0.36812455268467880742
0.42577929156507315911
0.48175367410171543447
0.53582679497899499133
0.58778525229247269301
0.63742398974868907935
0.68454710592868772689
0.72896862742141044222
0.77051324277578914224
0.80901699437494711820
0.84432792550201463122
0.87630668004386302883
0.90482705246601957683
0.92977648588825134723
0.95105651629515342016
0.96858316112863085401
0.98228725072868883217
0.99211470131447787590
0.99802672842827155897
1.00000000000000000000
0.99802672842827166999
0.99211470131447776488
0.98228725072868861012
0.96858316112863118708
0.95105651629515375323
0.92977648588825112519
0.90482705246601935478
0.87630668004386347292
0.84432792550201518633
0.80901699437494667411
0.77051324277578869815
0.72896862742141121938
0.68454710592868861507
0.63742398974868985650
0.58778525229247358119
0.53582679497899743382
0.48175367410171643368
0.42577929156507415831
0.36812455268467819680
0.30901699437494800637
0.24868988716485571078
0.18738131458572593324
0.12533323356430414730
0.06279051952931362368
0.00000000000000061232
-0.06279051952931240244
-0.12533323356430292606
-0.18738131458572471200
-0.24868988716485451729
-0.30901699437494850597
-0.36812455268467869640
-0.42577929156507304809
-0.48175367410171532345
-0.53582679497899643462
-0.58778525229247258199
-0.63742398974868896833
-0.68454710592868772689
-0.72896862742141277369
-0.77051324277579014144
-0.80901699437494811740
-0.84432792550201551940
-0.87630668004386380598
-0.90482705246601957683
-0.92977648588825134723
-0.95105651629515342016
-0.96858316112863085401
-0.98228725072868905421
-0.99211470131447809795
-0.99802672842827166999
-1.00000000000000000000
-0.99802672842827155897
-0.99211470131447776488
-0.98228725072868872115
-0.96858316112863118708
-0.95105651629515375323
-0.92977648588825045906
-0.90482705246601857763
-0.87630668004386269576
-0.84432792550201429815
-0.80901699437494678513
-0.77051324277578880917
-0.72896862742141121938
-0.68454710592868861507
-0.63742398974868996753
-0.58778525229247369221
-0.53582679497899754484
-0.48175367410171654470
-0.42577929156507426933
-0.36812455268467997316
-0.30901699437494978273
-0.24868988716485754265
-0.18738131458572779287
-0.12533323356430425832
-0.06279051952931374858
-0.00000000000000073479
0.06279051952931229141
0.12533323356430281503
0.18738131458572285237
0.24868988716485268542
0.30901699437494500877
0.36812455268467525471
0.42577929156507293706
0.48175367410171521243
0.53582679497899632359
0.58778525229247247097
0.63742398974868885730
0.68454710592868761587
0.72896862742141022018
0.77051324277578780997
0.80901699437494800637
0.84432792550201540838
0.87630668004386369496
0.90482705246601946580
0.92977648588825123621
0.95105651629515330914
0.96858316112863085401
0.98228725072868838808
0.99211470131447754284
0.99802672842827166999
1.00000000000000000000
0.99802672842827155897
0.99211470131447776488
0.98228725072868872115
0.96858316112863118708
0.95105651629515386425
0.92977648588825179132
0.90482705246601868865
0.87630668004386280678
0.84432792550201440918
0.80901699437494689615
0.77051324277578880917
0.72896862742141133040
0.68454710592868872610
0.63742398974869007855
0.58778525229247380324
0.53582679497899465826
0.48175367410171349158
0.42577929156507116071
0.36812455268467675351
0.30901699437494656308
0.24868988716485423973
0.18738131458572440668
0.12533323356430439710
0.06279051952931387348
-0.00000000000000269546
-0.06279051952931570535
-0.12533323356430267626
-0.18738131458572274135
-0.24868988716485257440
-0.30901699437494489775
-0.36812455268467514369
-0.42577929156506960640
-0.48175367410171515692
-0.53582679497899621257
-0.58778525229247247097
-0.63742398974868874628
-0.68454710592868750485
-0.72896862742141022018
-0.77051324277578780997
-0.80901699437494589695
-0.84432792550201340998
-0.87630668004386369496
-0.90482705246601946580
-0.92977648588825123621
-0.95105651629515330914
-0.96858316112863085401
-0.98228725072868838808
-0.99211470131447754284
-0.99802672842827144795
-1.00000000000000000000
-0.99802672842827155897
-0.99211470131447776488
-0.98228725072868872115
-0.96858316112863129810
-0.95105651629515386425
-0.92977648588825190235
-0.90482705246602024296
-0.87630668004386458314
-0.84432792550201440918
-0.80901699437494689615
-0.77051324277578892019
-0.72896862742141144142
-0.68454710592868883712
-0.63742398974869018957
-0.58778525229247391426
-0.53582679497899776688
-0.48175367410171676674
-0.42577929156507127173
-0.36812455268467686453
-0.30901699437494667411
-0.24868988716485435075
-0.18738131458572454546
-0.12533323356430450812
-0.06279051952931399838
-0.00000000000000097972
0.06279051952931558045
0.12533323356430609019
0.18738131458572609978
0.24868988716485590507
0.30901699437494817291
0.36812455268467836333
0.42577929156507271502
0.48175367410171504590
0.53582679497899610155
0.58778525229247513550
0.63742398974869141082
0.68454710592869005836
0.72896862742141255165
0.77051324277578991939
0.80901699437494789535
0.84432792550201529735
0.87630668004386191861
0.90482705246601791149
0.92977648588825112519
0.95105651629515330914
0.96858316112863074299
0.98228725072868838808
0.99211470131447754284
0.99802672842827144795
1.00000000000000000000
0.99802672842827178101
0.99211470131447787590
0.98228725072868872115
0.96858316112863129810
0.95105651629515386425
0.92977648588825190235
0.90482705246602024296
0.87630668004386458314
0.84432792550201640758
0.80901699437494911660
0.77051324277578903121
0.72896862742141155245
0.68454710592868894814
0.63742398974869030059
0.58778525229247402528
0.53582679497899787791
0.48175367410171682225
0.42577929156507460240
0.36812455268467697556
0.30901699437494678513
0.24868988716485446178
0.18738131458572465649
0.12533323356430461915
0.06279051952931412328
0.00000000000000110218
-0.06279051952931191671
-0.12533323356430245421
-0.18738131458572598875
-0.24868988716485576629
-0.30901699437494806189
-0.36812455268467825231
-0.42577929156507260400
-0.48175367410171493487
-0.53582679497899599053
-0.58778525229247224893
-0.63742398974868852424
-0.68454710592868994734
-0.72896862742141244063
-0.77051324277578991939
-0.80901699437494778433
-0.84432792550201518633
-0.87630668004386358394
-0.90482705246601935478
-0.92977648588825112519
-0.95105651629515430834
-0.96858316112863163116
-0.98228725072868894319
-0.99211470131447798693
-0.99802672842827166999
-1.00000000000000000000
-0.99802672842827155897
-0.99211470131447787590
-0.98228725072868872115
-0.96858316112863040992
-0.95105651629515397527
-0.92977648588825201337
-0.90482705246602035398
-0.87630668004386469416
-0.84432792550201651860
-0.80901699437494911660
-0.77051324277579136268
-0.72896862742141399494
-0.68454710592868905916
-0.63742398974869041162
-0.58778525229247413630
-0.53582679497899798893
-0.48175367410171693328
-0.42577929156507471342
-0.36812455268468041725
-0.30901699437495028233
-0.24868988716485460055
-0.18738131458572476751
-0.12533323356430475792
-0.06279051952931424818
-0.00000000000000122465
0.06279051952931179181
0.12533323356430231543
0.18738131458572238053
0.24868988716485221357
0.30901699437494795086
0.36812455268467814129
0.42577929156507249298
0.48175367410171482385
0.53582679497899587950
0.58778525229247502448
0.63742398974868852424
0.68454710592868983632
0.72896862742140988711
0.77051324277578980837
0.80901699437494567491
0.84432792550201518633
0.87630668004386180758
0.90482705246601924376
0.92977648588825234643
0.95105651629515319812
0.96858316112863163116
0.98228725072868827706
0.99211470131447798693
0.99802672842827133692
1.00000000000000000000
0.99802672842827133692
0.99211470131447787590
0.98228725072868816603
0.96858316112863129810
0.95105651629515286505
0.92977648588825201337
0.90482705246601891069
0.87630668004386469416
0.84432792550201463122
0.80901699437494500877
0.77051324277578914224
0.72896862742140922098
0.68454710592868917018
0.63742398974868774708
0.58778525229247424733
0.53582679497899499133
0.48175367410171704430
0.42577929156507160480
0.36812455268467392244
0.30901699437494700717
0.24868988716485126989
0.18738131458572490629
0.12533323356430134399
0.06279051952931435920
-0.00000000000000220560
-0.06279051952931168079
-0.12533323356430572937
-0.18738131458572923616
-0.24868988716485554424
-0.30901699437495122602
-0.36812455268467803027
-0.42577929156507560160
-0.48175367410171471283
-0.53582679497899876608
-0.58778525229247202688
-0.63742398974869107775
-0.68454710592869227881
-0.72896862742141232960
-0.77051324277579202882
-0.80901699437494767331
-0.84432792550201696269
-0.87630668004386347292
-0.90482705246602079807
-0.92977648588825101417
-0.95105651629515419732
-0.96858316112863240832
-0.98228725072868894319
-0.99211470131447843102
-0.99802672842827155897
-1.00000000000000000000
-0.99802672842827155897
-0.99211470131447831999
-0.98228725072868883217
-0.96858316112863229730
-0.95105651629515397527
-0.92977648588825334564
-0.90482705246602046500
-0.87630668004386647052
-0.84432792550201662962
-0.80901699437495144807
-0.77051324277579147370
-0.72896862742141177449
-0.68454710592869183472
-0.63742398974869052264
-0.58778525229247713391
-0.53582679497899809995
-0.48175367410172026394
-0.42577929156507493547
-0.36812455268468391445
-0.30901699437495050438
-0.24868988716485482260
-0.18738131458572851451
-0.12533323356430497997
-0.06279051952931803682
-0.00000000000000146958
0.06279051952930800318
0.12533323356430206563
0.18738131458571863353
0.24868988716485199153
0.30901699437494772882
0.36812455268467458858
0.42577929156507227093
0.48175367410171149318
0.53582679497899565746
0.58778525229246902928
0.63742398974868830219
0.68454710592868450725
0.72896862742140977609
0.77051324277578958633
0.80901699437494545286
0.84432792550201507531
0.87630668004386169656
0.90482705246601913274
0.92977648588824968190
0.95105651629515308709
0.96858316112863152014
0.98228725072868827706
0.99211470131447798693
0.99802672842827133692
1.00000000000000000000
0.99802672842827178101
0.99211470131447787590
0.98228725072868949830
0.96858316112863140912
0.95105651629515297607
0.92977648588825212439
0.90482705246601902171
0.87630668004386480519
0.84432792550201474224
0.80901699437494933864
0.77051324277578936428
0.72896862742141432800
0.68454710592868928121
0.63742398974868785810
0.58778525229247435835
0.53582679497899521337
0.48175367410171726634
0.42577929156507182684
0.36812455268468075031
0.30901699437494722922
0.24868988716485837531
0.18738131458572512833
0.12533323356430159379
0.06279051952931460900
-0.00000000000000196067
-0.06279051952931143099
-0.12533323356430547957
-0.18738131458572201971
-0.24868988716485529444
-0.30901699437494423162
-0.36812455268467780822
-0.42577929156507537956
-0.48175367410171449079
-0.53582679497899854404
-0.58778525229247180484
-0.63742398974869096673
-0.68454710592868694974
-0.72896862742141210756
-0.77051324277579180677
-0.80901699437494756229
-0.84432792550201685167
-0.87630668004386336190
-0.90482705246602068705
-0.92977648588825090314
-0.95105651629515419732
-0.96858316112863063196
-0.98228725072868894319
-0.99211470131447843102
-0.99802672842827155897
-1.00000000000000000000
-0.99802672842827155897
-0.99211470131447743181
-0.98228725072868883217
-0.96858316112863052094
-0.95105651629515408629
-0.92977648588825079212
-0.90482705246601746740
-0.87630668004386313985
-0.84432792550201296589
-0.80901699437494734024
-0.77051324277578714383
-0.72896862742141199654
-0.68454710592868683872
-0.63742398974869074468
-0.58778525229247158279
-0.53582679497899232679
-0.48175367410171426874
-0.42577929156506871822
-0.36812455268467753067
-0.30901699437494395406
-0.24868988716485507240
-0.18738131458572176991
-0.12533323356430522977
-0.06279051952931118119
0.00000000000000539092
0.06279051952931485880
0.12533323356430889350
0.18738131458572537813
0.24868988716485174173
0.30901699437494073441
0.36812455268467436653
0.42577929156507204889
0.48175367410171127114
0.53582679497899543541
0.58778525229246880723
0.63742398974868808015
0.68454710592868428520
0.72896862742140955405
0.77051324277578492339
0.80901699437494534184
0.84432792550201485327
0.87630668004386158554
0.90482705246601913274
0.92977648588824957088
0.95105651629515297607
0.96858316112862974379
0.98228725072868816603
0.99211470131447698773
0.99802672842827133692
1.00000000000000000000
0.99802672842827178101
0.99211470131447787590
0.98228725072868949830
0.96858316112863152014
0.95105651629515519652
0.92977648588825223541
0.90482705246602213034
0.87630668004386491621
0.84432792550201485327
0.80901699437494956069
0.77051324277578947530
0.72896862742141443903
0.68454710592868950325
0.63742398974869352024
0.58778525229247458039
0.53582679497900143062
0.48175367410171748839
0.42577929156507204889
0.36812455268468097236
0.30901699437494745126
0.24868988716485862511
0.18738131458572537813
0.12533323356430889350
0.06279051952931485880
0.00000000000000538968
-0.06279051952931118119
-0.12533323356430522977
-0.18738131458572176991
-0.24868988716485507240
-0.30901699437494395406
-0.36812455268467758618
-0.42577929156506871822
-0.48175367410171426874
-0.53582679497899832199
-0.58778525229247158279
-0.63742398974869074468
-0.68454710592868683872
-0.72896862742141199654
-0.77051324277578714383
-0.80901699437494734024
-0.84432792550201296589
-0.87630668004386325087
-0.90482705246602057603
-0.92977648588825079212
-0.95105651629515408629
-0.96858316112863052094
-0.98228725072868883217
-0.99211470131447743181
-0.99802672842827155897
-1.00000000000000000000
-0.99802672842827155897
-0.99211470131447754284
-0.98228725072868894319
-0.96858316112863063196
-0.95105651629515419732
-0.92977648588825090314
-0.90482705246602068705
-0.87630668004386336190
-0.84432792550201685167
-0.80901699437494756229
-0.77051324277578725486
-0.72896862742141210756
-0.68454710592868694974
-0.63742398974869096673
-0.58778525229247180484
-0.53582679497899854404
-0.48175367410171449079
-0.42577929156507537956
-0.36812455268467780822
-0.30901699437494423162
-0.24868988716485529444
-0.18738131458572201971
-0.12533323356430547957
-0.06279051952931143099
-0.00000000000000195943
0.06279051952931460900
0.12533323356430864370
0.18738131458572512833
0.24868988716485837531
0.30901699437494722922
0.36812455268468075031
0.42577929156507182684
0.48175367410171726634
0.53582679497899521337
0.58778525229247435835
0.63742398974869340922
0.68454710592868928121
0.72896862742141432800
0.77051324277578936428
0.80901699437494933864
0.84432792550201474224
0.87630668004386480519
0.90482705246601902171
0.92977648588825212439
0.95105651629515519652
0.96858316112863140912
0.98228725072868949830
0.99211470131447787590
0.99802672842827178101
1.00000000000000000000
0.99802672842827133692
0.99211470131447798693
0.98228725072868827706
0.96858316112862974379
0.95105651629515308709
0.92977648588824968190
0.90482705246601913274
0.87630668004386513825
0.84432792550201885007
0.80901699437494967171
0.77051324277579413824
0.72896862742141466107
0.68454710592868961427
0.63742398974869374229
0.58778525229247480244
0.53582679497900165266
0.48175367410171771043
0.42577929156507871022
0.36812455268468119440
0.30901699437494772882
0.24868988716485884716
0.18738131458572562793
0.12533323356430911555
0.06279051952931509473
0.00000000000000563461
-0.06279051952931094527
-0.12533323356429795781
-0.18738131458572152011
-0.24868988716485482260
-0.30901699437494373202
-0.36812455268467730862
-0.42577929156506849617
-0.48175367410171404670
-0.53582679497899210475
-0.58778525229247147177
-0.63742398974868508255
-0.68454710592868661667
-0.72896862742141177449
-0.77051324277578692179
-0.80901699437494722922
-0.84432792550201285486
-0.87630668004386302883
-0.90482705246601746740
-0.92977648588825079212
-0.95105651629515186585
-0.96858316112863052094
-0.98228725072868883217
-0.99211470131447743181
-0.99802672842827155897
-1.00000000000000000000
-0.99802672842827155897
-0.99211470131447843102
-0.98228725072868894319
-0.96858316112863240832
-0.95105651629515419732
-0.92977648588825101417
-0.90482705246602079807
-0.87630668004386347292
-0.84432792550201696269
-0.80901699437494767331
-0.77051324277579191779
-0.72896862742141232960
-0.68454710592868717178
-0.63742398974869107775
-0.58778525229247202688
-0.53582679497899876608
-0.48175367410171471283
-0.42577929156507560160
-0.36812455268467803027
-0.30901699437495122602
-0.24868988716485554424
-0.18738131458572224175
-0.12533323356430572937
-0.06279051952931166691
-0.00000000000000220436
0.06279051952931435920
0.12533323356430134399
0.18738131458572490629
0.24868988716485126989
0.30901699437494700717
0.36812455268468052827
0.42577929156507160480
0.48175367410171704430
0.53582679497899499133
0.58778525229247424733
0.63742398974868774708
0.68454710592868917018
0.72896862742140922098
0.77051324277578914224
0.80901699437494922762
0.84432792550201463122
0.87630668004386469416
0.90482705246601891069
0.92977648588825201337
0.95105651629515286505
0.96858316112863140912
0.98228725072868816603
0.99211470131447787590
0.99802672842827178101
1.00000000000000000000
0.99802672842827133692
0.99211470131447798693
0.98228725072868827706
0.96858316112863163116
0.95105651629515319812
0.92977648588825234643
0.90482705246601924376
0.87630668004386180758
0.84432792550201518633
0.80901699437494567491
0.77051324277578980837
0.72896862742140988711
0.68454710592868983632
0.63742398974868852424
0.58778525229246925132
0.53582679497899587950
0.48175367410171171523
0.42577929156507249298
0.36812455268467481062
0.30901699437494795086
0.24868988716485221357
0.18738131458572584997
0.12533323356430231543
0.06279051952930825298
-0.00000000000000122588
-0.06279051952931778702
-0.12533323356430475792
-0.18738131458572826471
-0.24868988716485460055
-0.30901699437495028233
-0.36812455268467708658
-0.42577929156507471342
-0.48175367410172004190
-0.53582679497899798893
-0.58778525229247124972
-0.63742398974868486050
-0.68454710592868639463
-0.72896862742140677849
-0.77051324277578681077
-0.80901699437494289935
-0.84432792550201263282
-0.87630668004386291781
-0.90482705246601735638
-0.92977648588825068110
-0.95105651629515175483
-0.96858316112863040992
-0.98228725072868738888
-0.99211470131447743181
-0.99802672842827111488
-1.00000000000000000000
-0.99802672842827166999
-0.99211470131447843102
-0.98228725072868894319
-0.96858316112863251934
-0.95105651629515430834
-0.92977648588825367870
-0.90482705246602090909
-0.87630668004386358394
-0.84432792550201718473
-0.80901699437494778433
-0.77051324277579213984
-0.72896862742141244063
-0.68454710592869250085
-0.63742398974869129979
-0.58778525229247791106
-0.53582679497899898813
-0.48175367410171493487
-0.42577929156507582364
-0.36812455268467825231
-0.30901699437495144807
-0.24868988716485576629
-0.18738131458572948596
-0.12533323356430597917
-0.06279051952931900826
-0.00000000000000244929
